z	 POPzt	 POCzt	 DOPzt	 DOCzt	 O2zt	 NO3zt	 NH4zt	 NH3zt	 FeOH3zt	 FeOOHzt	 Fe2zt	 SO4zt	 H2Szt	 HSzt	 PO4zt	 PO4adsazt	 PO4adsbzt	 S0zt	 S8zt	 FeSzt	 FeS2zt	 AlOH3zt	 Ca2zt	 Ca3PO42zt	 OMSzt	 Hzt	 CaCO3zt	 CO2zt	 CO3zt	 HCO3zt	 H2CO3zt	 Chlzt	 CH4aq	 CH4g	 FeCO3	 Fe3PO42	 PO4adsc
0	8.7517	824.21	0.00020879	0.00060703	0	0	0.0014848	1.54E-27	176.19	0.73273	0.1	0	0	4.69E-10	0.00032818	0.072237	0.00058652	0	541.31	4.65E-19	1.13E-10	11162	0.00084721	3.3031e-319	0.16412	1.01E-05	166.07	0.034806	0.00020932	0.2559	0	0.27801	0	0	3.4832e-321	1.082e-321	0
0.1	8.5701	814.95	0.00020766	0.00060432	0	0	0.0083641	3.89E-12	173.78	0.73277	0.1	0	1.08E-05	3.36E-10	0.0011985	0.072197	0.00058668	0.00064125	541.36	1.27E-17	6.09E-10	11162	0.0043282	3.3037e-319	0.16412	1.35E-05	164.74	0.036985	0.0004882	0.34132	4.4466e-323	0.25967	7.83E-11	0.36607	6.4164e-320	2.0188e-320	0
0.2	8.4048	806.37	0.00020655	0.00060165	0	0	0.015283	7.88E-12	171.33	0.73287	0.1	0	2.25E-05	1.36E-10	0.0020177	0.072118	0.00058678	0.0011194	541.48	5.83E-16	5.78E-09	11161	0.0077822	3.3031e-319	0.16412	1.59E-05	163.42	0.036108	0.00072253	0.42356	8.8932e-323	0.24226	2.45E-10	0.7328	1.262e-319	3.9644e-320	0
0.3	8.2545	798.44	0.00020547	0.00059904	0	0	0.021702	1.15E-11	168.8	0.73305	0.1	0	3.63E-05	7.92E-11	0.0027646	0.071916	0.00058647	0.0014145	541.63	2.29E-14	4.87E-08	11161	0.01119	3.3031e-319	0.16412	1.78E-05	162.12	0.039912	0.00080007	0.49317	1.334e-322	0.22582	6.88E-10	1.1003	1.8735e-319	5.4901e-320	0
0.4	8.118	791.1	0.00020443	0.00059652	0	0	0.027637	1.49E-11	166.17	0.73329	0.1	0	5.30E-05	7.89E-11	0.0034422	0.071521	0.00058541	0.001597	541.82	7.98E-13	3.59E-07	11160	0.014555	3.3031e-319	0.16412	1.93E-05	160.82	0.045367	0.00083681	0.55408	1.7292e-322	0.21041	1.91E-09	1.4685	2.4856e-319	6.914e-320	0
0.5	7.9943	784.33	0.00020344	0.00059409	0	0	0.033103	1.80E-11	163.35	0.73361	0.1	0	7.33E-05	1.08E-10	0.0040534	0.070873	0.00058333	0.00171	542.02	2.41E-11	2.30E-06	11160	0.017877	3.3031e-319	0.16412	2.06E-05	159.53	0.051318	0.0008621	0.60793	2.1245e-322	0.19609	5.27E-09	1.8377	3.0761e-319	8.1091e-320	0
0.6	7.8825	778.09	0.00020249	0.00059176	0	0	0.038118	2.09E-11	160.24	0.73399	0.1	0	9.77E-05	1.59E-10	0.0046012	0.06992	0.00057995	0.0017804	542.23	6.18E-10	1.28E-05	11159	0.021158	3.3031e-319	0.16412	2.16E-05	158.24	0.057306	0.00088244	0.65548	2.5197e-322	0.18292	1.46E-08	2.2077	3.6443e-319	9.0943e-320	0
0.7	7.7817	772.36	0.00020161	0.00058956	0	0	0.042699	2.35E-11	156.67	0.73441	0.1	0	0.00012647	2.31E-10	0.0050886	0.068624	0.00057504	0.0018245	542.44	1.31E-08	6.09E-05	11159	0.024401	3.3031e-319	0.16412	2.26E-05	156.96	0.063093	0.00089883	0.69725	2.915e-322	0.1709	4.04E-08	2.5788	4.1801e-319	1.0061e-319	0
0.8	7.6913	767.11	0.00020077	0.00058747	0	0	0.046861	2.58E-11	152.42	0.73477	0.1	0	0.00015986	3.36E-10	0.0055188	0.066958	0.00056841	0.0018524	542.66	2.23E-07	0.00024848	11159	0.027605	3.3031e-319	0.16412	2.34E-05	155.68	0.068475	0.00091116	0.73378	3.3596e-322	0.16003	1.12E-07	2.9509	4.7153e-319	1.0722e-319	0
0.9	7.6108	762.31	0.0002	0.00058551	0	0	0.050626	2.80E-11	147.24	0.73479	0.1	0	0.0001978	4.84E-10	0.005895	0.064903	0.00055987	0.0018703	542.88	3.00E-06	0.00086524	11158	0.030774	3.3031e-319	0.16412	2.42E-05	154.4	0.073246	0.00091942	0.76567	3.7549e-322	0.15028	3.09E-07	3.3241	5.2391e-319	1.1263e-319	0
1	7.5395	757.96	0.00019928	0.00058368	0	0	0.054017	2.99E-11	140.92	0.73381	0.1	0	0.00024007	7.01E-10	0.0062207	0.062457	0.00054929	0.0018821	543.1	3.08E-05	0.0025676	11158	0.033907	3.3031e-319	0.16412	2.49E-05	153.13	0.077215	0.00092381	0.79357	4.1996e-322	0.14163	8.55E-07	3.6985	5.7418e-319	1.1803e-319	0
1.1	7.4769	754.01	0.00019862	0.00058197	0	0	0.057062	3.17E-11	133.36	0.73066	0.1	0	0.00028633	1.02E-09	0.0064997	0.059628	0.00053654	0.0018899	543.33	0.00022187	0.0065086	11157	0.037007	3.3031e-319	0.16412	2.56E-05	151.85	0.080272	0.0009247	0.81805	4.5948e-322	0.134	2.37E-06	4.0741	6.253e-319	1.2248e-319	0
1.2	7.4221	750.43	0.00019801	0.00058038	0	0	0.059797	3.33E-11	124.62	0.72368	0.1	0	0.00033621	1.47E-09	0.006737	0.056443	0.00052155	0.0018953	543.55	0.0011958	0.01419	11157	0.040074	3.3031e-319	0.16412	2.63E-05	150.59	0.082445	0.00092257	0.83958	4.9901e-322	0.12729	6.54E-06	4.4509	6.7798e-319	1.268e-319	0
1.3	7.3739	747.16	0.00019746	0.00057891	0	0	0.062268	3.47E-11	114.93	0.71108	0.1	0	0.00038933	2.07E-09	0.0069388	0.052948	0.00050427	0.001899	543.77	0.0049124	0.026926	11156	0.04311	3.3031e-319	0.16412	2.70E-05	149.33	0.083923	0.00091792	0.85844	5.3359e-322	0.12134	1.81E-05	4.829	7.2717e-319	1.3113e-319	0
1.4	7.3309	744.13	0.00019695	0.00057755	0	0	0.064523	3.60E-11	104.65	0.69139	0.1	0	0.00044542	2.85E-09	0.0071127	0.049209	0.00048472	0.0019016	543.98	0.01533	0.045215	11156	0.046115	3.3031e-319	0.16412	2.76E-05	148.07	0.085001	0.00091121	0.87481	5.7806e-322	0.11595	5.01E-05	5.2085	7.7625e-319	1.3539e-319	0
1.5	7.2912	741.25	0.00019648	0.0005763	0	0	0.066614	3.73E-11	94.188	0.66399	0.1	0	0.00050433	3.79E-09	0.0072665	0.045302	0.00046298	0.0019034	544.18	0.037192	0.068528	11155	0.049092	3.3031e-319	0.16412	2.83E-05	146.82	0.085992	0.00090292	0.88885	6.1758e-322	0.11089	0.00012757	5.5894	8.2226e-319	1.3984e-319	0
1.6	7.2534	738.44	0.00019605	0.00057513	0	0	0.068585	3.84E-11	83.872	0.62945	0.1	0	0.00056601	4.93E-09	0.0074077	0.041307	0.00043918	0.0019046	544.36	0.073175	0.095667	11155	0.052039	3.3031e-319	0.16413	2.89E-05	145.58	0.087144	0.00089349	0.90083	6.5711e-322	0.10598	0.00024554	5.9716	8.6881e-319	1.4416e-319	0
1.7	7.2163	735.65	0.00019566	0.00057405	0	0	0.070478	3.95E-11	73.948	0.5893	0.1	0	0.00063054	6.30E-09	0.0075417	0.037295	0.00041347	0.0019054	544.53	0.1225	0.12533	11154	0.05496	3.3031e-319	0.16413	2.96E-05	144.35	0.088636	0.00088338	0.91107	7.0157e-322	0.10109	0.00042825	6.3554	9.1729e-319	1.4855e-319	0
1.8	7.1792	732.85	0.0001953	0.00057306	0	0	0.07232	4.06E-11	64.567	0.54546	0.1	0	0.00069811	7.98E-09	0.007672	0.033324	0.00038605	0.0019058	544.68	0.18192	0.15643	11154	0.057854	3.3031e-319	0.16413	3.02E-05	143.12	0.090457	0.00087296	0.91998	7.4604e-322	0.096207	0.00067589	6.7406	9.6318e-319	1.5281e-319	0
1.9	7.1418	730.02	0.00019497	0.00057213	0	0	0.074132	4.16E-11	55.802	0.49943	0.1	0	0.00076894	1.01E-08	0.0078003	0.029443	0.00035715	0.001906	544.83	0.24819	0.18829	11154	0.060722	3.3031e-319	0.16413	3.08E-05	141.91	0.092576	0.00086257	0.92792	7.9051e-322	0.091335	0.00098256	7.1273	1.0068e-318	1.5726e-319	0
2	7.1042	727.16	0.00019467	0.00057128	0	0	0.075924	4.26E-11	47.693	0.45243	0.1	0	0.0008433	1.31E-08	0.0079276	0.025692	0.00032701	0.001906	544.97	0.31841	0.22047	11153	0.063565	3.3031e-319	0.16413	3.14E-05	140.7	0.09487	0.00085243	0.9352	8.3003e-322	0.086514	0.0013393	7.5156	1.0507e-318	1.6158e-319	0
2.1	7.0663	724.26	0.00019439	0.00057049	0	0	0.077699	4.36E-11	40.253	0.40531	0.1	0	0.00092147	1.72E-08	0.0080541	0.022107	0.0002959	0.0019058	545.11	0.39036	0.25269	11153	0.066384	3.3031e-319	0.16413	3.20E-05	139.5	0.097254	0.00084267	0.94202	8.6956e-322	0.081786	0.001736	7.9055	1.0944e-318	1.6597e-319	0
2.2	7.028	721.34	0.00019413	0.00056977	0	0	0.07946	4.46E-11	33.485	0.35866	0.1	0	0.0010037	2.34E-08	0.0081801	0.01872	0.00026409	0.0019054	545.25	0.46254	0.28481	11152	0.069179	3.3031e-319	0.16413	3.26E-05	138.32	0.099679	0.00083335	0.94849	9.0908e-322	0.077193	0.0021638	8.297	1.138e-318	1.7035e-319	0
2.3	6.9896	718.4	0.0001939	0.00056909	0	0	0.081209	4.56E-11	27.385	0.31294	0.1	0	0.0010904	3.32E-08	0.0083055	0.015558	0.00023191	0.001905	545.38	0.53384	0.31673	11152	0.071951	3.3031e-319	0.16413	3.32E-05	137.14	0.10211	0.00082446	0.95467	9.5355e-322	0.072769	0.0026187	8.6901	1.1818e-318	1.7468e-319	0
2.4	6.9509	715.43	0.00019368	0.00056848	0	0	0.082947	4.66E-11	21.942	0.26846	0.1	0	0.0011817	5.00E-08	0.0084302	0.012647	0.0001997	0.0019045	545.51	0.60364	0.34842	11152	0.074702	3.3031e-319	0.16413	3.37E-05	135.97	0.10453	0.00081596	0.96062	9.9307e-322	0.068544	0.0030994	9.0848	1.2244e-318	1.79e-319	0
2.5	6.9122	712.46	0.00019348	0.00056791	0	0	0.084674	4.76E-11	17.144	0.22545	0.1	0	0.001278	8.10E-08	0.0085543	0.010007	0.00016783	0.0019039	545.64	0.67176	0.3799	11151	0.07743	3.3031e-319	0.16413	3.43E-05	134.81	0.10692	0.00080781	0.96633	1.0375e-321	0.064542	0.0036063	9.4813	1.2638e-318	1.8339e-319	0
2.6	6.8733	709.46	0.0001933	0.00056739	0	0	0.08639	4.85E-11	12.976	0.18411	0.1	0	0.0013794	1.42E-07	0.0086776	0.0076558	0.00013676	0.0019034	545.77	0.73825	0.4112	11151	0.080138	3.3031e-319	0.16413	3.48E-05	133.66	0.10929	0.00079995	0.97182	1.0771e-321	0.060778	0.0041399	9.8794	1.3031e-318	1.8777e-319	0
2.7	6.8344	706.46	0.00019314	0.0005669	0	0	0.088095	4.95E-11	9.4229	0.14484	0.1	0	0.0014863	2.72E-07	0.0088	0.0056095	0.00010699	0.0019029	545.9	0.80301	0.44236	11150	0.082825	3.3031e-319	0.16413	3.53E-05	132.52	0.11164	0.00079231	0.97707	1.1166e-321	0.057264	0.0047029	10.279	1.3424e-318	1.9216e-319	0
2.8	6.7955	703.46	0.00019299	0.00056646	0	0	0.08979	5.04E-11	6.4716	0.10817	0.1	0	0.0015988	5.61E-07	0.0089215	0.0038794	7.92E-05	0.0019024	546.03	0.86597	0.47338	11150	0.085492	3.3031e-319	0.16413	3.59E-05	131.39	0.11397	0.00078482	0.98207	1.1561e-321	0.054002	0.0052948	10.681	1.3817e-318	1.9648e-319	0
2.9	6.7565	700.45	0.00019285	0.00056606	0	0	0.091474	5.14E-11	4.1069	0.074893	0.1	0	0.0017168	1.22E-06	0.0090421	0.0024737	5.40E-05	0.0019021	546.15	0.92709	0.50431	11150	0.088139	3.3031e-319	0.16413	3.64E-05	130.27	0.11631	0.00077743	0.98679	1.2006e-321	0.050994	0.0059115	11.084	1.4211e-318	1.9864e-319	0
3	6.7176	697.43	0.00019273	0.00056568	0	0	0.093149	5.23E-11	2.3127	0.046104	0.1	0	0.0018401	2.71E-06	0.0091617	0.0013961	3.26E-05	0.0019018	546.27	0.98633	0.53516	11149	0.090767	3.3031e-319	0.16413	3.69E-05	129.16	0.1187	0.00077004	0.99117	1.245e-321	0.048235	0.0065389	11.489	1.4605e-318	2.0189e-319	0
3.1	6.6787	694.42	0.00019261	0.00056534	0	0	0.094813	5.33E-11	1.0695	0.023318	0.1	0	0.0019675	5.93E-06	0.0092804	0.00064486	1.59E-05	0.0019017	546.39	1.0437	0.56596	11149	0.093377	3.3031e-319	0.16413	3.74E-05	128.06	0.12121	0.00076259	0.9951	1.2846e-321	0.045716	0.0071299	11.896	1.4987e-318	2.0297e-319	0
3.2	6.6397	691.4	0.0001925	0.00056502	0	0	0.096467	5.42E-11	0.34568	0.0082778	0.1	0	0.002097	1.14E-05	0.0093981	0.00020688	5.32E-06	0.0019016	546.51	1.099	0.59671	11148	0.095968	3.3031e-319	0.16413	3.79E-05	126.96	0.12387	0.00075508	0.99849	1.3241e-321	0.043428	0.0076667	12.305	1.5337e-318	2.0627e-319	0
3.3	6.6008	688.38	0.00019241	0.00056473	0	0	0.098111	5.51E-11	0.063485	0.0017685	0.1	0	0.0022272	1.59E-05	0.0095151	3.70E-05	9.64E-07	0.0019017	546.62	1.1524	0.62744	11148	0.098541	3.3031e-319	0.16413	3.85E-05	125.88	0.12642	0.00074756	1.0016	1.3636e-321	0.041358	0.0075645	12.714	1.5687e-318	2.0729e-319	0
3.4	6.5619	685.37	0.00019232	0.00056446	0	0	0.099746	5.60E-11	0.0094374	0.00042697	0.1	0	0.0023551	2.04E-05	0.0096319	4.74E-06	1.24E-07	0.0019019	546.73	1.2038	0.65813	11148	0.1011	3.3031e-319	0.16413	3.90E-05	124.8	0.12898	0.00074014	1.0045	1.4081e-321	0.039492	0.0081422	13.123	1.6037e-318	2.106e-319	0
3.5	6.5231	682.35	0.00019223	0.00056421	0	0	0.10137	5.69E-11	0.0023163	0.00024295	0.1	0	0.0024781	2.49E-05	0.0097488	5.64E-07	1.50E-08	0.0019022	546.84	1.2532	0.6888	11147	0.10364	3.3031e-319	0.16413	3.95E-05	123.74	0.13153	0.00073294	1.0074	1.4476e-321	0.037814	0.0081102	13.533	1.6385e-318	2.1174e-319	0
3.6	6.4842	679.34	0.00019215	0.00056398	0	0	0.10299	5.79E-11	0.0014292	0.00022297	0.1	0	0.0025951	2.67E-05	0.0098659	6.75E-08	1.94E-09	0.0019025	546.95	1.3006	0.71945	11147	0.10616	3.3031e-319	0.16413	4.00E-05	122.68	0.13387	0.00072598	1.0105	1.4822e-321	0.036309	0.0085757	13.941	1.6735e-318	2.1504e-319	0
3.7	6.4453	676.33	0.00019208	0.00056377	0	0	0.10459	5.88E-11	0.0012937	0.0002236	0.1	0	0.0027044	2.68E-05	0.0099833	8.95E-09	4.02E-10	0.0019028	547.05	1.3459	0.75007	11147	0.10866	3.3031e-319	0.16413	4.05E-05	121.63	0.13604	0.00071924	1.0135	1.5217e-321	0.034961	0.0083865	14.348	1.7085e-318	2.1606e-319	0
3.8	6.4065	673.33	0.000192	0.00056357	0	0	0.10619	5.97E-11	0.0012485	0.00022643	0.1	0	0.0028057	2.64E-05	0.010101	2.03E-09	2.26E-10	0.0019031	547.16	1.3893	0.78067	11146	0.11115	3.3031e-319	0.16413	4.10E-05	120.59	0.13815	0.00071268	1.0165	1.5563e-321	0.033754	0.0089379	14.753	1.7434e-318	2.1931e-319	0
3.9	6.3677	670.32	0.00019194	0.00056338	0	0	0.10778	6.05E-11	0.001215	0.00022913	0.1	0	0.002899	2.57E-05	0.010219	1.21E-09	2.10E-10	0.0019035	547.25	1.4307	0.81122	11146	0.11362	3.3031e-319	0.16413	4.15E-05	119.55	0.14022	0.00070623	1.0194	1.5958e-321	0.032673	0.009121	15.158	1.7773e-318	2.2039e-319	0
4	6.3288	667.32	0.00019187	0.0005632	0	0	0.10935	6.14E-11	0.0011838	0.00023146	0.1	0	0.0029848	2.50E-05	0.010337	1.10E-09	2.13E-10	0.0019038	547.35	1.4701	0.84173	11145	0.11608	3.3031e-319	0.16413	4.20E-05	118.53	0.14226	0.00069986	1.0221	1.6354e-321	0.031703	0.009162	15.561	1.809e-318	2.2363e-319	0
4.1	6.29	664.33	0.00019181	0.00056304	0	0	0.11092	6.23E-11	0.0011537	0.00023338	0.1	0	0.0030635	2.43E-05	0.010456	1.08E-09	2.19E-10	0.0019041	547.44	1.5076	0.87219	11145	0.11852	3.3031e-319	0.16413	4.25E-05	117.51	0.14428	0.00069356	1.0247	1.6699e-321	0.03083	0.0091158	15.963	1.8386e-318	2.2471e-319	0
4.2	6.2512	661.34	0.00019174	0.00056288	0	0	0.11248	6.32E-11	0.0011245	0.00023493	0.1	0	0.0031356	2.36E-05	0.010575	1.07E-09	2.24E-10	0.0019044	547.53	1.5433	0.9026	11145	0.12095	3.3031e-319	0.16413	4.30E-05	116.5	0.14629	0.00068731	1.0272	1.7095e-321	0.030042	0.0089253	16.365	1.8659e-318	2.2802e-319	0
4.3	6.2125	658.35	0.00019168	0.00056273	0	0	0.11403	6.41E-11	0.0010963	0.00023611	0.1	0	0.0032013	2.29E-05	0.010694	1.06E-09	2.29E-10	0.0019047	547.62	1.5771	0.93293	11144	0.12336	3.3031e-319	0.16413	4.34E-05	115.5	0.14828	0.00068111	1.0295	1.7441e-321	0.029326	0.0083588	16.765	1.8932e-318	2.2916e-319	0
4.4	6.1738	655.37	0.00019162	0.00056258	0	0	0.11558	6.49E-11	0.0010689	0.00023696	0.1	0	0.0032612	2.22E-05	0.010813	1.05E-09	2.34E-10	0.001905	547.7	1.6091	0.96319	11144	0.12576	3.3031e-319	0.16413	4.39E-05	114.51	0.15026	0.00067495	1.0317	1.7786e-321	0.028673	0.0085231	17.163	1.9194e-318	2.324e-319	0
4.5	6.1351	652.4	0.00019156	0.00056245	0	0	0.11711	6.58E-11	0.0010424	0.0002375	0.1	0	0.0033156	2.16E-05	0.010933	1.04E-09	2.38E-10	0.0019053	547.78	1.6394	0.99337	11144	0.12814	3.3031e-319	0.16413	4.44E-05	113.52	0.15223	0.00066883	1.0338	1.8132e-321	0.028071	0.0079911	17.561	1.9456e-318	2.3348e-319	0
4.6	6.0965	649.44	0.0001915	0.00056231	0	0	0.11863	6.66E-11	0.0010167	0.00023775	0.1	0	0.0033648	2.10E-05	0.011053	1.03E-09	2.43E-10	0.0019055	547.86	1.6679	1.0234	11143	0.13051	3.3031e-319	0.16413	4.49E-05	112.54	0.15419	0.00066275	1.0357	1.8478e-321	0.027513	0.007864	17.957	1.9719e-318	2.345e-319	0
4.7	6.0579	646.48	0.00019144	0.00056218	0	0	0.12015	6.75E-11	0.00099175	0.00023772	0.1	0	0.0034092	2.03E-05	0.011173	1.03E-09	2.47E-10	0.0019058	547.94	1.6948	1.0534	11143	0.13286	3.3031e-319	0.16413	4.54E-05	111.58	0.15615	0.0006567	1.0375	1.8873e-321	0.02699	0.0079085	18.351	1.998e-318	2.345e-319	0
4.8	6.0195	643.53	0.00019138	0.00056205	0	0	0.12166	6.83E-11	0.00096756	0.00023744	0.1	0	0.0034489	1.97E-05	0.011294	1.02E-09	2.51E-10	0.0019061	548.01	1.7201	1.0833	11143	0.1352	3.3031e-319	0.16413	4.59E-05	110.61	0.15809	0.00065068	1.0391	1.9269e-321	0.026496	0.0079577	18.744	2.0243e-318	2.345e-319	0
4.9	5.9811	640.58	0.00019131	0.00056193	0	0	0.12316	6.92E-11	0.0009441	0.00023693	0.1	0	0.0034844	1.92E-05	0.011414	1.01E-09	2.54E-10	0.0019063	548.08	1.7439	1.113	11142	0.13752	3.3031e-319	0.16413	4.64E-05	109.66	0.16002	0.00064469	1.0406	1.9664e-321	0.026025	0.0080947	19.136	2.0505e-318	2.345e-319	0
5	5.9428	637.65	0.00019125	0.0005618	0	0	0.12465	7.00E-11	0.00092134	0.00023619	0.1	0	0.0035159	1.86E-05	0.011535	1.00E-09	2.58E-10	0.0019065	548.14	1.7661	1.1427	11142	0.13983	3.3031e-319	0.16413	4.69E-05	108.72	0.16195	0.00063873	1.042	2.001e-321	0.025573	0.0081368	19.527	2.0745e-318	2.345e-319	0
5.1	5.9046	634.73	0.00019118	0.00056168	0	0	0.12613	7.09E-11	0.00089925	0.00023526	0.1	0	0.0035435	1.81E-05	0.011656	9.96E-10	2.61E-10	0.0019068	548.21	1.7869	1.1722	11142	0.14213	3.3031e-319	0.16412	4.74E-05	107.78	0.16386	0.0006328	1.0433	2.0356e-321	0.025135	0.0081982	19.916	2.0996e-318	2.345e-319	0
5.2	5.8666	631.81	0.00019112	0.00056156	0	0	0.1276	7.17E-11	0.00087781	0.00023414	0.1	0	0.0035676	1.75E-05	0.011777	9.88E-10	2.64E-10	0.001907	548.27	1.8063	1.2015	11141	0.14442	3.3031e-319	0.16412	4.79E-05	106.85	0.16575	0.00062691	1.0444	2.0701e-321	0.024707	0.0082022	20.304	2.1226e-318	2.345e-319	0
5.3	5.8286	628.91	0.00019105	0.00056144	0	0	0.12906	7.25E-11	0.00085699	0.00023285	0.1	0	0.0035883	1.70E-05	0.011899	9.81E-10	2.67E-10	0.0019072	548.33	1.8243	1.2307	11141	0.14669	3.3031e-319	0.16412	4.84E-05	105.93	0.16763	0.00062106	1.0455	2.1047e-321	0.024287	0.0081504	20.691	2.1478e-318	2.345e-319	0
5.4	5.7909	626.01	0.00019098	0.00056132	0	0	0.13052	7.33E-11	0.00083677	0.0002314	0.1	0	0.0036058	1.65E-05	0.01202	9.74E-10	2.70E-10	0.0019074	548.39	1.8411	1.2597	11141	0.14894	3.3031e-319	0.16412	4.89E-05	105.02	0.16946	0.00061527	1.0464	2.1393e-321	0.023872	0.0081234	21.076	2.1708e-318	2.345e-319	0
5.5	5.7532	623.13	0.00019091	0.0005612	0	0	0.13197	7.41E-11	0.00081712	0.0002298	0.1	0	0.0036203	1.61E-05	0.012142	9.67E-10	2.73E-10	0.0019076	548.44	1.8566	1.2886	11140	0.15119	3.3031e-319	0.16412	4.94E-05	104.11	0.17134	0.00060956	1.0473	2.1739e-321	0.023461	0.008014	21.46	2.1937e-318	2.345e-319	0
5.6	5.7158	620.26	0.00019084	0.00056108	0	0	0.13341	7.50E-11	0.00079803	0.00022808	0.1	0	0.0036319	1.56E-05	0.012264	9.60E-10	2.75E-10	0.0019077	548.49	1.8708	1.3173	11140	0.15342	3.3031e-319	0.16412	4.99E-05	103.21	0.17315	0.00060397	1.0482	2.2085e-321	0.023052	0.0080124	21.843	2.2155e-318	2.345e-319	0
5.7	5.6785	617.4	0.00019076	0.00056096	0	0	0.13484	7.58E-11	0.00077947	0.00022623	0.1	0	0.0036409	1.52E-05	0.012386	9.53E-10	2.77E-10	0.0019079	548.54	1.884	1.3459	11140	0.15563	3.3031e-319	0.16412	5.04E-05	102.32	0.17499	0.0005985	1.049	2.2431e-321	0.022645	0.0080311	22.224	2.2374e-318	2.345e-319	0
5.8	5.6414	614.56	0.00019069	0.00056084	0	0	0.13626	7.66E-11	0.00076143	0.00022428	0.1	0	0.0036474	1.47E-05	0.012508	9.46E-10	2.79E-10	0.0019081	548.59	1.8961	1.3743	11139	0.15784	3.3031e-319	0.16411	5.09E-05	101.44	0.17684	0.00059317	1.0498	2.2776e-321	0.022238	0.008145	22.604	2.2571e-318	2.345e-319	0
5.9	5.6044	611.72	0.00019061	0.00056072	0	0	0.13768	7.73E-11	0.00074388	0.00022223	0.1	0	0.0036515	1.43E-05	0.01263	9.39E-10	2.81E-10	0.0019082	548.63	1.9071	1.4024	11139	0.16003	3.3031e-319	0.16411	5.14E-05	100.57	0.17868	0.00058799	1.0507	2.3122e-321	0.021831	0.0081255	22.983	2.2756e-318	2.345e-319	0
6	5.5677	608.9	0.00019053	0.0005606	0	0	0.13908	7.81E-11	0.00072681	0.00022009	0.1	0	0.0036534	1.39E-05	0.012753	9.32E-10	2.83E-10	0.0019084	548.67	1.9171	1.4304	11139	0.16221	3.3031e-319	0.16411	5.19E-05	99.698	0.18052	0.00058295	1.0515	2.3468e-321	0.021424	0.0084394	23.36	2.292e-318	2.345e-319	0
6.1	5.5311	606.09	0.00019045	0.00056048	0	0	0.14048	7.89E-11	0.0007102	0.00021787	0.1	0	0.0036532	1.35E-05	0.012875	9.26E-10	2.85E-10	0.0019085	548.71	1.9262	1.4583	11138	0.16437	3.3031e-319	0.16411	5.23E-05	98.839	0.18234	0.00057807	1.0524	2.3814e-321	0.021017	0.0083484	23.736	2.3063e-318	2.345e-319	0
6.2	5.4948	603.3	0.00019037	0.00056036	0	0	0.14187	7.97E-11	0.00069403	0.00021558	0.1	0	0.0036509	1.31E-05	0.012997	9.19E-10	2.86E-10	0.0019087	548.75	1.9343	1.4859	11138	0.16652	3.3031e-319	0.16411	5.28E-05	97.987	0.18416	0.00057332	1.0533	2.416e-321	0.020609	0.0083357	24.111	2.3205e-318	2.345e-319	0
6.3	5.4587	600.52	0.00019028	0.00056024	0	0	0.14325	8.05E-11	0.00067829	0.00021323	0.1	0	0.0036468	1.27E-05	0.01312	9.13E-10	2.88E-10	0.0019088	548.79	1.9416	1.5133	11138	0.16866	3.3031e-319	0.1641	5.33E-05	97.142	0.18597	0.00056872	1.0542	2.4506e-321	0.020202	0.0083989	24.484	2.3335e-318	2.345e-319	0
6.4	5.4227	597.75	0.0001902	0.00056012	0	0	0.14463	8.13E-11	0.00066296	0.00021082	0.1	0	0.0036409	1.24E-05	0.013242	9.06E-10	2.89E-10	0.0019089	548.82	1.9481	1.5405	11137	0.17079	3.3031e-319	0.1641	5.38E-05	96.305	0.18778	0.00056425	1.0552	2.4852e-321	0.019795	0.0080631	24.856	2.3466e-318	2.345e-319	0
6.5	5.387	595	0.00019011	0.00056	0	0	0.14599	8.20E-11	0.00064802	0.00020837	0.1	0	0.0036334	1.20E-05	0.013365	9.00E-10	2.90E-10	0.001909	548.85	1.9538	1.5676	11137	0.17291	3.3031e-319	0.1641	5.42E-05	95.476	0.18957	0.0005599	1.0562	2.5197e-321	0.019389	0.0080902	25.226	2.3597e-318	2.345e-319	0
6.6	5.3515	592.26	0.00019002	0.00055988	0	0	0.14735	8.28E-11	0.00063348	0.00020587	0.1	0	0.0036243	1.17E-05	0.013487	8.93E-10	2.91E-10	0.0019091	548.89	1.9588	1.5944	11137	0.17501	3.3031e-319	0.1641	5.47E-05	94.654	0.19135	0.00055569	1.0571	2.5593e-321	0.018984	0.0080999	25.595	2.3728e-318	2.345e-319	0
6.7	5.3162	589.53	0.00018993	0.00055976	0	0	0.1487	8.35E-11	0.0006193	0.00020334	0.1	0	0.0036137	1.14E-05	0.013609	8.87E-10	2.92E-10	0.0019092	548.91	1.9631	1.621	11136	0.1771	3.3031e-319	0.16409	5.51E-05	93.839	0.19313	0.00055159	1.0581	2.5938e-321	0.01858	0.008545	25.962	2.386e-318	2.345e-319	0
6.8	5.2812	586.82	0.00018984	0.00055965	0	0	0.15004	8.43E-11	0.00060549	0.00020078	0.1	0	0.0036018	1.10E-05	0.013732	8.81E-10	2.93E-10	0.0019093	548.94	1.9667	1.6475	11136	0.17918	3.3031e-319	0.16409	5.56E-05	93.032	0.1949	0.00054761	1.0592	2.6284e-321	0.018178	0.0083541	26.328	2.3991e-318	2.345e-319	0
6.9	5.2463	584.12	0.00018975	0.00055953	0	0	0.15137	8.50E-11	0.00059202	0.00019819	0.1	0	0.0035885	1.07E-05	0.013854	8.75E-10	2.93E-10	0.0019094	548.97	1.9697	1.6737	11136	0.18124	3.3031e-319	0.16409	5.60E-05	92.232	0.19666	0.00054373	1.0602	2.663e-321	0.017779	0.0088794	26.693	2.4122e-318	2.345e-319	0
7	5.2117	581.44	0.00018966	0.00055941	0	0	0.1527	8.58E-11	0.00057889	0.00019558	0.1	0	0.0035741	1.04E-05	0.013976	8.68E-10	2.94E-10	0.0019095	548.99	1.9721	1.6997	11135	0.18329	3.3031e-319	0.16409	5.65E-05	91.439	0.19841	0.00053997	1.0612	2.7025e-321	0.017382	0.0090006	27.056	2.4232e-318	2.345e-319	0
7.1	5.1773	578.77	0.00018957	0.00055929	0	0	0.15402	8.65E-11	0.00056609	0.00019296	0.1	0	0.0035585	1.01E-05	0.014099	8.62E-10	2.95E-10	0.0019096	549.01	1.974	1.7255	11135	0.18533	3.3031e-319	0.16408	5.69E-05	90.653	0.20015	0.00053631	1.0623	2.7371e-321	0.016989	0.0088624	27.418	2.4352e-318	2.345e-319	0
7.2	5.1431	576.12	0.00018947	0.00055917	0	0	0.15533	8.73E-11	0.0005536	0.00019033	0.1	0	0.0035418	9.87E-06	0.014221	8.56E-10	2.95E-10	0.0019096	549.03	1.9754	1.7511	11135	0.18736	3.3031e-319	0.16408	5.73E-05	89.874	0.20188	0.00053275	1.0634	2.7717e-321	0.016599	0.0083108	27.778	2.445e-318	2.345e-319	0
7.3	5.1091	573.47	0.00018938	0.00055906	0	0	0.15663	8.80E-11	0.00054141	0.00018769	0.1	0	0.0035241	9.59E-06	0.014343	8.50E-10	2.95E-10	0.0019097	549.05	1.9762	1.7764	11134	0.18938	3.3031e-319	0.16408	5.78E-05	89.102	0.2036	0.00052929	1.0645	2.8063e-321	0.016214	0.0084321	28.137	2.457e-318	2.345e-319	0
7.4	5.0754	570.85	0.00018928	0.00055894	0	0	0.15793	8.87E-11	0.00052953	0.00018505	0.1	0	0.0035055	9.33E-06	0.014464	8.44E-10	2.95E-10	0.0019098	549.06	1.9766	1.8016	11134	0.19138	3.3031e-319	0.16407	5.82E-05	88.337	0.20531	0.00052593	1.0656	2.8409e-321	0.015833	0.0078635	28.495	2.4668e-318	2.345e-319	0
7.5	5.0418	568.23	0.00018919	0.00055883	0	0	0.15921	8.95E-11	0.00051793	0.00018241	0.1	0	0.003486	9.07E-06	0.014586	8.38E-10	2.96E-10	0.0019098	549.08	1.9766	1.8265	11134	0.19337	3.3031e-319	0.16407	5.86E-05	87.579	0.20702	0.00052265	1.0668	2.8705e-321	0.015457	0.0076662	28.851	2.4789e-318	2.345e-319	0
7.6	5.0085	565.63	0.00018909	0.00055872	0	0	0.16049	9.02E-11	0.00050662	0.00017977	0.1	0	0.0034657	8.82E-06	0.014708	8.32E-10	2.96E-10	0.0019099	549.09	1.9761	1.8513	11133	0.19535	3.3031e-319	0.16407	5.90E-05	86.828	0.20872	0.00051946	1.0679	2.91e-321	0.015086	0.0076036	29.206	2.4888e-318	2.345e-319	0
7.7	4.9754	563.05	0.00018899	0.00055861	0	0	0.16176	9.09E-11	0.00049557	0.00017714	0.1	0	0.0034446	8.58E-06	0.014829	8.25E-10	2.96E-10	0.0019099	549.11	1.9753	1.8758	11133	0.19732	3.3031e-319	0.16406	5.94E-05	86.084	0.2104	0.00051636	1.0691	2.9446e-321	0.01472	0.00759	29.559	2.5007e-318	2.345e-319	0
7.8	4.9425	560.48	0.0001889	0.0005585	0	0	0.16303	9.16E-11	0.00048479	0.00017451	0.1	0	0.0034228	8.35E-06	0.01495	8.19E-10	2.96E-10	0.0019099	549.12	1.9741	1.9001	11133	0.19927	3.3031e-319	0.16406	5.99E-05	85.346	0.21208	0.00051334	1.0703	2.9743e-321	0.01436	0.0075925	29.911	2.5139e-318	2.345e-319	0
7.9	4.9097	557.92	0.0001888	0.00055839	0	0	0.16428	9.23E-11	0.00047426	0.0001719	0.1	0	0.0034004	8.12E-06	0.015071	8.13E-10	2.95E-10	0.00191	549.13	1.9726	1.9242	11132	0.20122	3.3031e-319	0.16406	6.03E-05	84.615	0.21375	0.0005104	1.0715	3.0089e-321	0.014006	0.0076023	30.261	2.527e-318	2.345e-319	0
8	4.8772	555.37	0.0001887	0.00055829	0	0	0.16553	9.30E-11	0.00046399	0.0001693	0.1	0	0.0033773	7.90E-06	0.015192	8.07E-10	2.95E-10	0.00191	549.14	1.9708	1.9481	11132	0.20315	3.3031e-319	0.16405	6.07E-05	83.89	0.21541	0.00050754	1.0727	3.0434e-321	0.013658	0.0076107	30.609	2.5401e-318	2.345e-319	0
8.1	4.8449	552.84	0.00018861	0.00055818	0	0	0.16677	9.37E-11	0.00045395	0.00016672	0.1	0	0.0033537	7.69E-06	0.015313	8.01E-10	2.95E-10	0.00191	549.14	1.9687	1.9718	11132	0.20506	3.3031e-319	0.16405	6.11E-05	83.172	0.21707	0.00050475	1.0739	3.078e-321	0.013316	0.0076235	30.956	2.5498e-318	2.345e-319	0
8.2	4.8128	550.32	0.00018851	0.00055808	0	0	0.16801	9.44E-11	0.00044416	0.00016415	0.1	0	0.0033296	7.48E-06	0.015433	7.95E-10	2.95E-10	0.0019101	549.15	1.9663	1.9952	11132	0.20697	3.3031e-319	0.16405	6.14E-05	82.46	0.21871	0.00050203	1.0751	3.1126e-321	0.012981	0.0076347	31.302	2.562e-318	2.345e-319	0
8.3	4.7809	547.82	0.00018841	0.00055798	0	0	0.16923	9.51E-11	0.00043459	0.0001616	0.1	0	0.003305	7.28E-06	0.015553	7.90E-10	2.94E-10	0.0019101	549.16	1.9637	2.0184	11131	0.20887	3.3031e-319	0.16404	6.18E-05	81.755	0.22035	0.00049938	1.0763	3.1472e-321	0.012652	0.0076536	31.645	2.5718e-318	2.345e-319	0
8.4	4.7492	545.33	0.00018832	0.00055789	0	0	0.17045	9.58E-11	0.00042524	0.00015908	0.1	0	0.0032799	7.09E-06	0.015673	7.84E-10	2.94E-10	0.0019101	549.16	1.9608	2.0415	11131	0.21075	3.3031e-319	0.16404	6.22E-05	81.056	0.22197	0.00049681	1.0776	3.1818e-321	0.01233	0.0076763	31.988	2.5838e-318	2.345e-319	0
8.5	4.7176	542.85	0.00018822	0.00055779	0	0	0.17166	9.65E-11	0.00041611	0.00015657	0.1	0	0.0032544	6.90E-06	0.015792	7.78E-10	2.93E-10	0.0019101	549.16	1.9578	2.0643	11131	0.21262	3.3031e-319	0.16403	6.26E-05	80.364	0.22359	0.00049429	1.0789	3.2164e-321	0.012015	0.0077089	32.329	2.5936e-318	2.345e-319	0
8.6	4.6863	540.38	0.00018813	0.0005577	0	0	0.17286	9.71E-11	0.0004072	0.00015409	0.1	0	0.0032286	6.72E-06	0.015912	7.72E-10	2.93E-10	0.0019101	549.16	1.9545	2.0869	11130	0.21448	3.3031e-319	0.16403	6.30E-05	79.677	0.2252	0.00049184	1.0801	3.251e-321	0.011706	0.0077497	32.668	2.6057e-318	2.345e-319	0
8.7	4.6551	537.93	0.00018803	0.00055761	0	0	0.17406	9.78E-11	0.00039849	0.00015163	0.1	0	0.0032025	6.54E-06	0.016031	7.66E-10	2.92E-10	0.0019101	549.17	1.951	2.1093	11130	0.21632	3.3031e-319	0.16403	6.33E-05	78.997	0.2268	0.00048946	1.0814	3.2855e-321	0.011404	0.0077984	33.006	2.6156e-318	2.345e-319	0
8.8	4.6241	535.48	0.00018794	0.00055753	0	0	0.17525	9.85E-11	0.00038998	0.0001492	0.1	0	0.003176	6.36E-06	0.016149	7.60E-10	2.91E-10	0.0019101	549.17	1.9474	2.1314	11130	0.21816	3.3031e-319	0.16402	6.37E-05	78.323	0.22839	0.00048713	1.0827	3.3152e-321	0.01111	0.0078389	33.342	2.6275e-318	2.345e-319	0
8.9	4.5933	533.06	0.00018784	0.00055744	0	0	0.17643	9.91E-11	0.00038166	0.00014679	0.1	0	0.0031493	6.20E-06	0.016268	7.54E-10	2.91E-10	0.0019101	549.16	1.9436	2.1534	11130	0.21998	3.3031e-319	0.16402	6.41E-05	77.655	0.22997	0.00048486	1.084	3.3547e-321	0.010822	0.0078995	33.677	2.6374e-318	2.345e-319	0
9	4.5627	530.64	0.00018775	0.00055736	0	0	0.1776	9.98E-11	0.00037354	0.00014441	0.1	0	0.0031223	6.03E-06	0.016386	7.48E-10	2.90E-10	0.0019101	549.16	1.9397	2.1751	11129	0.22179	3.3031e-319	0.16401	6.44E-05	76.992	0.23155	0.00048264	1.0853	3.3843e-321	0.010541	0.0079123	34.01	2.6472e-318	2.345e-319	0
9.1	4.5322	528.24	0.00018766	0.00055729	0	0	0.17876	1.00E-10	0.0003656	0.00014205	0.1	0	0.0030951	5.88E-06	0.016503	7.43E-10	2.89E-10	0.0019101	549.16	1.9357	2.1967	11129	0.22359	3.3031e-319	0.16401	6.48E-05	76.336	0.23311	0.00048048	1.0866	3.4189e-321	0.010266	0.0079425	34.342	2.656e-318	2.345e-319	0
9.2	4.502	525.85	0.00018757	0.00055721	0	0	0.17992	1.01E-10	0.00035784	0.00013972	0.1	0	0.0030677	5.72E-06	0.016621	7.37E-10	2.88E-10	0.0019101	549.16	1.9315	2.218	11129	0.22538	3.3031e-319	0.16401	6.52E-05	75.686	0.23467	0.00047837	1.0879	3.4535e-321	0.0099987	0.0079378	34.672	2.6646e-318	2.345e-319	0
9.3	4.4718	523.47	0.00018748	0.00055714	0	0	0.18107	1.02E-10	0.00035026	0.00013743	0.1	0	0.0030402	5.57E-06	0.016738	7.31E-10	2.87E-10	0.0019101	549.15	1.9273	2.2391	11128	0.22715	3.3031e-319	0.164	6.55E-05	75.041	0.23622	0.00047631	1.0892	3.4881e-321	0.0097378	0.0078983	35	2.6733e-318	2.345e-319	0
9.4	4.4419	521.1	0.00018739	0.00055708	0	0	0.18221	1.02E-10	0.00034285	0.00013515	0.1	0	0.0030125	5.43E-06	0.016854	7.25E-10	2.86E-10	0.00191	549.15	1.9229	2.26	11128	0.22892	3.3031e-319	0.164	6.58E-05	74.402	0.23775	0.0004743	1.0906	3.5177e-321	0.0094835	0.0078754	35.327	2.6821e-318	2.345e-319	0
9.5	4.4121	518.74	0.0001873	0.00055701	0	0	0.18335	1.03E-10	0.00033561	0.00013291	0.1	0	0.0029847	5.29E-06	0.01697	7.19E-10	2.85E-10	0.00191	549.14	1.9184	2.2807	11128	0.23067	3.3031e-319	0.16399	6.62E-05	73.769	0.23928	0.00047233	1.0919	3.5474e-321	0.0092357	0.0078048	35.653	2.6908e-318	2.345e-319	0
9.6	4.3825	516.4	0.00018721	0.00055695	0	0	0.18448	1.04E-10	0.00032853	0.0001307	0.1	0	0.0029568	5.15E-06	0.017086	7.14E-10	2.84E-10	0.00191	549.13	1.9139	2.3012	11128	0.23241	3.3031e-319	0.16399	6.65E-05	73.142	0.24081	0.00047042	1.0932	3.577e-321	0.0089944	0.0077554	35.976	2.6996e-318	2.345e-319	0
9.7	4.3531	514.07	0.00018713	0.00055689	0	0	0.1856	1.04E-10	0.00032161	0.00012852	0.1	0	0.0029288	5.02E-06	0.017201	7.08E-10	2.83E-10	0.00191	549.13	1.9093	2.3215	11127	0.23414	3.3031e-319	0.16398	6.69E-05	72.52	0.24232	0.00046855	1.0946	3.6067e-321	0.0087594	0.0077035	36.299	2.7083e-318	2.345e-319	0
9.8	4.3238	511.75	0.00018704	0.00055684	0	0	0.18671	1.05E-10	0.00031485	0.00012637	0.1	0	0.0029008	4.89E-06	0.017316	7.02E-10	2.82E-10	0.0019099	549.12	1.9046	2.3416	11127	0.23585	3.3031e-319	0.16398	6.72E-05	71.904	0.24382	0.00046672	1.0959	3.6413e-321	0.0085306	0.0076757	36.619	2.7171e-318	2.345e-319	0
9.9	4.2946	509.44	0.00018696	0.00055679	0	0	0.18782	1.06E-10	0.00030824	0.00012424	0.1	0	0.0028728	4.76E-06	0.017431	6.97E-10	2.81E-10	0.0019099	549.11	1.8999	2.3615	11127	0.23756	3.3031e-319	0.16397	6.75E-05	71.293	0.24532	0.00046493	1.0973	3.6758e-321	0.0083078	0.0077026	36.938	2.7258e-318	2.345e-319	0
10	4.2657	507.15	0.00018687	0.00055675	0	0	0.18891	1.06E-10	0.00030178	0.00012215	0.1	0	0.0028447	4.64E-06	0.017545	6.91E-10	2.80E-10	0.0019099	549.1	1.8951	2.3811	11126	0.23925	3.3031e-319	0.16397	6.78E-05	70.688	0.2468	0.00046318	1.0986	3.7055e-321	0.0080911	0.0078622	37.255	2.7346e-318	2.345e-319	0
10.1	4.2369	504.87	0.00018679	0.0005567	0	0	0.19001	1.07E-10	0.00029546	0.00012008	0.1	0	0.0028166	4.52E-06	0.017659	6.85E-10	2.79E-10	0.0019098	549.09	1.8903	2.4006	11126	0.24093	3.3031e-319	0.16396	6.82E-05	70.088	0.24828	0.00046148	1.1	3.7351e-321	0.0078802	0.0083687	37.571	2.7433e-318	2.345e-319	0
10.2	4.2082	502.59	0.00018671	0.00055666	0	0	0.19109	1.07E-10	0.00028928	0.00011805	0.1	0	0.0027885	4.41E-06	0.017772	6.80E-10	2.78E-10	0.0019098	549.08	1.8854	2.4199	11126	0.2426	3.3031e-319	0.16396	6.85E-05	69.493	0.24975	0.00045981	1.1014	3.7697e-321	0.0076751	0.0082532	37.885	2.752e-318	2.345e-319	0
10.3	4.1797	500.33	0.00018663	0.00055663	0	0	0.19217	1.08E-10	0.00028324	0.00011604	0.1	0	0.0027604	4.30E-06	0.017884	6.74E-10	2.77E-10	0.0019098	549.07	1.8806	2.439	11126	0.24426	3.3031e-319	0.16395	6.88E-05	68.904	0.25121	0.00045818	1.1027	3.7994e-321	0.0074755	0.0087653	38.197	2.7608e-318	2.345e-319	0
10.4	4.1514	498.08	0.00018656	0.0005566	0	0	0.19323	1.09E-10	0.00027733	0.00011407	0.1	0	0.0027324	4.19E-06	0.017997	6.69E-10	2.75E-10	0.0019097	549.05	1.8756	2.4578	11125	0.24591	3.3031e-319	0.16395	6.91E-05	68.32	0.25266	0.00045658	1.1041	3.829e-321	0.0072814	0.0089257	38.508	2.7674e-318	2.345e-319	0
10.5	4.1232	495.85	0.00018648	0.00055657	0	0	0.1943	1.09E-10	0.00027156	0.00011212	0.1	0	0.0027044	4.08E-06	0.018108	6.63E-10	2.74E-10	0.0019097	549.04	1.8707	2.4765	11125	0.24754	3.3031e-319	0.16395	6.94E-05	67.742	0.2541	0.00045502	1.1054	3.8636e-321	0.0070926	0.0089224	38.817	2.775e-318	2.345e-319	0
10.6	4.0952	493.62	0.00018641	0.00055655	0	0	0.19535	1.10E-10	0.00026591	0.0001102	0.1	0	0.0026765	3.98E-06	0.01822	6.58E-10	2.73E-10	0.0019096	549.03	1.8658	2.495	11125	0.24916	3.3031e-319	0.16394	6.97E-05	67.168	0.25554	0.00045349	1.1068	3.8932e-321	0.006909	0.0087565	39.125	2.7837e-318	2.345e-319	0
10.7	4.0673	491.41	0.00018633	0.00055653	0	0	0.1964	1.10E-10	0.00026039	0.00010831	0.1	0	0.0026487	3.88E-06	0.01833	6.52E-10	2.72E-10	0.0019096	549.01	1.8608	2.5132	11125	0.25078	3.3031e-319	0.16394	7.00E-05	66.6	0.25696	0.00045199	1.1081	3.9229e-321	0.0067304	0.0082446	39.431	2.7925e-318	2.345e-319	0
10.8	4.0396	489.21	0.00018626	0.00055651	0	0	0.19744	1.11E-10	0.00025498	0.00010645	0.1	0	0.002621	3.78E-06	0.018441	6.47E-10	2.70E-10	0.0019095	549	1.8558	2.5313	11124	0.25238	3.3031e-319	0.16393	7.03E-05	66.036	0.25838	0.00045053	1.1095	3.9525e-321	0.0065568	0.0083423	39.736	2.8012e-318	2.345e-319	0
10.9	4.012	487.02	0.00018619	0.0005565	0	0	0.19847	1.12E-10	0.0002497	0.00010462	0.1	0	0.0025933	3.69E-06	0.01855	6.41E-10	2.69E-10	0.0019095	548.99	1.8508	2.5492	11124	0.25396	3.3031e-319	0.16393	7.06E-05	65.478	0.25979	0.00044909	1.1109	3.9772e-321	0.0063879	0.0078239	40.039	2.81e-318	2.345e-319	0
11	3.9846	484.84	0.00018612	0.00055649	0	0	0.1995	1.12E-10	0.00024454	0.00010282	0.1	0	0.0025658	3.59E-06	0.01866	6.36E-10	2.68E-10	0.0019094	548.97	1.8459	2.5669	11124	0.25554	3.3031e-319	0.16392	7.09E-05	64.925	0.26119	0.00044769	1.1122	4.0019e-321	0.0062237	0.0076376	40.34	2.8186e-318	2.345e-319	0
11.1	3.9573	482.67	0.00018606	0.00055648	0	0	0.20052	1.13E-10	0.00023948	0.00010105	0.1	0	0.0025384	3.50E-06	0.018768	6.31E-10	2.66E-10	0.0019094	548.96	1.8409	2.5844	11123	0.25711	3.3031e-319	0.16392	7.12E-05	64.377	0.26258	0.00044631	1.1136	4.0316e-321	0.0060641	0.007571	40.64	2.8275e-318	2.345e-319	0
11.2	3.9302	480.51	0.00018599	0.00055648	0	0	0.20153	1.13E-10	0.00023454	9.93E-05	0.1	0	0.0025111	3.42E-06	0.018877	6.25E-10	2.65E-10	0.0019093	548.94	1.8359	2.6017	11123	0.25866	3.3031e-319	0.16391	7.15E-05	63.834	0.26396	0.00044496	1.1149	4.0563e-321	0.0059088	0.0075475	40.938	2.8362e-318	2.345e-319	0
11.3	3.9033	478.37	0.00018593	0.00055648	0	0	0.20253	1.14E-10	0.0002297	9.76E-05	0.1	0	0.0024839	3.33E-06	0.018984	6.20E-10	2.64E-10	0.0019093	548.92	1.831	2.6189	11123	0.2602	3.3031e-319	0.1639	7.18E-05	63.295	0.26533	0.00044364	1.1163	4.0859e-321	0.0057577	0.0075393	41.234	2.845e-318	2.345e-319	0
11.4	3.8764	476.24	0.00018586	0.00055649	0	0	0.20353	1.14E-10	0.00022497	9.59E-05	0.1	0	0.0024569	3.25E-06	0.019091	6.15E-10	2.62E-10	0.0019092	548.91	1.826	2.6358	11123	0.26173	3.3031e-319	0.1639	7.21E-05	62.762	0.2667	0.00044235	1.1176	4.1106e-321	0.0056108	0.0075365	41.529	2.8537e-318	2.345e-319	0
11.5	3.8498	474.11	0.0001858	0.0005565	0	0	0.20452	1.15E-10	0.00022035	9.42E-05	0.1	0	0.0024301	3.17E-06	0.019198	6.09E-10	2.61E-10	0.0019092	548.89	1.8211	2.6526	11122	0.26325	3.3031e-319	0.16389	7.24E-05	62.233	0.26805	0.00044108	1.1189	4.1403e-321	0.005468	0.0075354	41.821	2.8624e-318	2.345e-319	0
11.6	3.8233	472	0.00018574	0.00055651	0	0	0.2055	1.15E-10	0.00021582	9.26E-05	0.1	0	0.0024034	3.09E-06	0.019304	6.04E-10	2.59E-10	0.0019091	548.87	1.8161	2.6691	11122	0.26476	3.3031e-319	0.16389	7.26E-05	61.709	0.2694	0.00043983	1.1203	4.165e-321	0.005329	0.0075349	42.113	2.8711e-318	2.345e-319	0
11.7	3.7969	469.91	0.00018569	0.00055653	0	0	0.20648	1.16E-10	0.00021139	9.10E-05	0.1	0	0.0023768	3.02E-06	0.019409	5.99E-10	2.58E-10	0.001909	548.85	1.8112	2.6855	11122	0.26626	3.3031e-319	0.16388	7.29E-05	61.19	0.27074	0.00043861	1.1216	4.1946e-321	0.0051938	0.0075343	42.402	2.88e-318	2.345e-319	0
11.8	3.7707	467.82	0.00018563	0.00055655	0	0	0.20745	1.17E-10	0.00020706	8.94E-05	0.1	0	0.0023505	2.94E-06	0.019514	5.94E-10	2.56E-10	0.001909	548.84	1.8063	2.7017	11122	0.26774	3.3031e-319	0.16388	7.32E-05	60.676	0.27207	0.00043741	1.1229	4.2193e-321	0.0050622	0.0075338	42.69	2.8887e-318	2.345e-319	0
11.9	3.7447	465.74	0.00018558	0.00055657	0	0	0.20841	1.17E-10	0.00020282	8.78E-05	0.1	0	0.0023243	2.87E-06	0.019618	5.88E-10	2.55E-10	0.0019089	548.82	1.8014	2.7178	11121	0.26922	3.3031e-319	0.16387	7.34E-05	60.166	0.27339	0.00043623	1.1243	4.249e-321	0.0049342	0.0075331	42.977	2.8942e-318	2.345e-319	0
12	3.7188	463.68	0.00018552	0.0005566	0	0	0.20936	1.18E-10	0.00019867	8.63E-05	0.1	0	0.0022983	2.80E-06	0.019722	5.83E-10	2.54E-10	0.0019089	548.8	1.7966	2.7336	11121	0.27068	3.3031e-319	0.16387	7.37E-05	59.661	0.2747	0.00043507	1.1256	4.2737e-321	0.0048096	0.0075323	43.261	2.9018e-318	2.345e-319	0
12.1	3.6931	461.63	0.00018547	0.00055663	0	0	0.21031	1.18E-10	0.00019461	8.48E-05	0.1	0	0.0022724	2.73E-06	0.019825	5.78E-10	2.52E-10	0.0019088	548.78	1.7917	2.7493	11121	0.27213	3.3031e-319	0.16386	7.40E-05	59.161	0.27601	0.00043394	1.1269	4.2984e-321	0.0046884	0.0075316	43.545	2.9073e-318	2.345e-319	0
12.2	3.6675	459.59	0.00018542	0.00055666	0	0	0.21125	1.19E-10	0.00019064	8.33E-05	0.1	0	0.0022468	2.66E-06	0.019927	5.73E-10	2.51E-10	0.0019087	548.76	1.7869	2.7648	11121	0.27357	3.3031e-319	0.16386	7.42E-05	58.665	0.2773	0.00043282	1.1282	4.328e-321	0.0045704	0.0075312	43.826	2.9149e-318	2.345e-319	0
12.3	3.642	457.56	0.00018538	0.0005567	0	0	0.21219	1.19E-10	0.00018675	8.18E-05	0.1	0	0.0022214	2.60E-06	0.020029	5.68E-10	2.49E-10	0.0019087	548.74	1.7821	2.7801	11120	0.275	3.3031e-319	0.16385	7.45E-05	58.173	0.27859	0.00043172	1.1295	4.3527e-321	0.0044556	0.0075315	44.106	2.9204e-318	2.345e-319	0
12.4	3.6168	455.54	0.00018533	0.00055674	0	0	0.21311	1.20E-10	0.00018295	8.04E-05	0.1	0	0.0021961	2.54E-06	0.020131	5.63E-10	2.48E-10	0.0019086	548.72	1.7774	2.7952	11120	0.27642	3.3031e-319	0.16385	7.48E-05	57.687	0.27987	0.00043065	1.1308	4.3774e-321	0.0043438	0.0075331	44.384	2.928e-318	2.345e-319	0
12.5	3.5916	453.53	0.00018528	0.00055678	0	0	0.21403	1.20E-10	0.00017922	7.90E-05	0.1	0	0.0021711	2.48E-06	0.020231	5.58E-10	2.46E-10	0.0019085	548.7	1.7726	2.8102	11120	0.27783	3.3031e-319	0.16384	7.50E-05	57.204	0.28114	0.00042959	1.1321	4.4071e-321	0.0042349	0.007537	44.66	2.9336e-318	2.345e-319	0
12.6	3.5667	451.54	0.00018524	0.00055683	0	0	0.21495	1.21E-10	0.00017558	7.76E-05	0.1	0	0.0021463	2.42E-06	0.020331	5.53E-10	2.44E-10	0.0019084	548.68	1.7679	2.825	11120	0.27922	3.3031e-319	0.16384	7.53E-05	56.726	0.2824	0.00042855	1.1333	4.4318e-321	0.0041289	0.0075448	44.935	2.9412e-318	2.345e-319	0
12.7	3.5419	449.56	0.0001852	0.00055688	0	0	0.21585	1.21E-10	0.00017201	7.62E-05	0.1	0	0.0021217	2.36E-06	0.020431	5.48E-10	2.43E-10	0.0019084	548.66	1.7632	2.8396	11119	0.28061	3.3031e-319	0.16383	7.55E-05	56.253	0.28366	0.00042752	1.1346	4.4614e-321	0.0040257	0.0075585	45.208	2.9466e-318	2.345e-319	0
12.8	3.5172	447.58	0.00018516	0.00055693	0	0	0.21675	1.22E-10	0.00016852	7.49E-05	0.1	0	0.0020973	2.30E-06	0.02053	5.43E-10	2.41E-10	0.0019083	548.64	1.7586	2.8541	11119	0.28198	3.3031e-319	0.16382	7.58E-05	55.783	0.2849	0.00042651	1.1359	4.4861e-321	0.0039251	0.0075803	45.479	2.9543e-318	2.345e-319	0
12.9	3.4927	445.62	0.00018512	0.00055698	0	0	0.21765	1.22E-10	0.00016511	7.36E-05	0.1	0	0.0020731	2.25E-06	0.020628	5.38E-10	2.40E-10	0.0019082	548.62	1.754	2.8684	11119	0.28334	3.3031e-319	0.16382	7.60E-05	55.319	0.28614	0.00042552	1.1371	4.5108e-321	0.0038272	0.0076119	45.749	2.9597e-318	2.345e-319	0
13	3.4683	443.68	0.00018508	0.00055704	0	0	0.21853	1.23E-10	0.00016176	7.23E-05	0.1	0	0.0020491	2.19E-06	0.020726	5.33E-10	2.38E-10	0.0019082	548.6	1.7494	2.8826	11119	0.28469	3.3031e-319	0.16381	7.62E-05	54.858	0.28737	0.00042455	1.1384	4.5405e-321	0.0037318	0.0076545	46.017	2.9674e-318	2.345e-319	0
13.1	3.4441	441.74	0.00018505	0.0005571	0	0	0.21941	1.23E-10	0.00015849	7.10E-05	0.1	0	0.0020254	2.14E-06	0.020823	5.28E-10	2.37E-10	0.0019081	548.58	1.7448	2.8965	11118	0.28603	3.3031e-319	0.16381	7.65E-05	54.402	0.28859	0.00042358	1.1396	4.5701e-321	0.0036388	0.0077083	46.284	2.9728e-318	2.345e-319	0
13.2	3.4201	439.82	0.00018501	0.00055716	0	0	0.22028	1.24E-10	0.00015528	6.97E-05	0.1	0	0.0020019	2.09E-06	0.020919	5.23E-10	2.35E-10	0.001908	548.56	1.7403	2.9104	11118	0.28736	3.3031e-319	0.1638	7.67E-05	53.95	0.2898	0.00042264	1.1408	4.5948e-321	0.0035482	0.0077713	46.548	2.9805e-318	2.345e-319	0
13.3	3.3962	437.9	0.00018498	0.00055723	0	0	0.22115	1.24E-10	0.00015214	6.85E-05	0.1	0	0.0019786	2.04E-06	0.021015	5.18E-10	2.34E-10	0.0019079	548.54	1.7358	2.924	11118	0.28868	3.3031e-319	0.1638	7.70E-05	53.502	0.291	0.0004217	1.142	4.6195e-321	0.00346	0.0078292	46.811	2.9882e-318	2.345e-319	0
13.4	3.3725	436	0.00018495	0.0005573	0	0	0.22201	1.25E-10	0.00014907	6.73E-05	0.1	0	0.0019555	1.99E-06	0.02111	5.14E-10	2.32E-10	0.0019079	548.51	1.7313	2.9375	11118	0.28999	3.3031e-319	0.16379	7.72E-05	53.058	0.29219	0.00042079	1.1432	4.6442e-321	0.0033739	0.0079047	47.073	2.9969e-318	2.345e-319	0
13.5	3.3489	434.11	0.00018492	0.00055737	0	0	0.22286	1.25E-10	0.00014606	6.61E-05	0.1	0	0.0019327	1.94E-06	0.021204	5.09E-10	2.30E-10	0.0019078	548.49	1.7269	2.9508	11118	0.29129	3.3031e-319	0.16379	7.74E-05	52.619	0.29338	0.00041988	1.1444	4.6689e-321	0.0032901	0.0079393	47.332	3.0056e-318	2.345e-319	0
13.6	3.3255	432.24	0.00018489	0.00055744	0	0	0.2237	1.26E-10	0.00014312	6.49E-05	0.1	0	0.0019101	1.90E-06	0.021298	5.04E-10	2.29E-10	0.0019077	548.47	1.7224	2.964	11117	0.29257	3.3031e-319	0.16378	7.77E-05	52.183	0.29456	0.00041899	1.1456	4.6936e-321	0.0032084	0.0079866	47.59	3.0143e-318	2.345e-319	0
13.7	3.3023	430.37	0.00018486	0.00055751	0	0	0.22454	1.26E-10	0.00014023	6.37E-05	0.1	0	0.0018877	1.85E-06	0.021391	4.99E-10	2.27E-10	0.0019076	548.45	1.7181	2.9771	11117	0.29385	3.3031e-319	0.16378	7.79E-05	51.752	0.29573	0.00041811	1.1468	4.7134e-321	0.0031287	0.0079902	47.847	3.0231e-318	2.345e-319	0
13.8	3.2792	428.52	0.00018483	0.00055759	0	0	0.22537	1.27E-10	0.00013741	6.26E-05	0.1	0	0.0018655	1.81E-06	0.021484	4.95E-10	2.26E-10	0.0019076	548.43	1.7137	2.9899	11117	0.29511	3.3031e-319	0.16377	7.81E-05	51.325	0.29689	0.00041724	1.148	4.7331e-321	0.003051	0.0079869	48.102	3.0318e-318	2.345e-319	0
13.9	3.2563	426.67	0.00018481	0.00055767	0	0	0.2262	1.27E-10	0.00013465	6.15E-05	0.1	0	0.0018436	1.77E-06	0.021576	4.90E-10	2.24E-10	0.0019075	548.41	1.7094	3.0027	11117	0.29637	3.3031e-319	0.16376	7.83E-05	50.902	0.29805	0.00041638	1.1491	4.7579e-321	0.0029753	0.0079402	48.355	3.0405e-318	2.345e-319	0
14	3.2335	424.84	0.00018478	0.00055775	0	0	0.22702	1.28E-10	0.00013194	6.04E-05	0.1	0	0.0018219	1.72E-06	0.021667	4.85E-10	2.22E-10	0.0019074	548.38	1.7051	3.0153	11116	0.29761	3.3031e-319	0.16376	7.86E-05	50.483	0.29919	0.00041553	1.1503	4.7826e-321	0.0029014	0.0079058	48.606	3.0492e-318	2.345e-319	0
14.1	3.2109	423.03	0.00018476	0.00055783	0	0	0.22783	1.28E-10	0.00012929	5.93E-05	0.1	0	0.0018005	1.68E-06	0.021758	4.81E-10	2.21E-10	0.0019073	548.36	1.7009	3.0277	11116	0.29885	3.3031e-319	0.16375	7.88E-05	50.068	0.30033	0.0004147	1.1514	4.8073e-321	0.0028294	0.0078311	48.856	3.0581e-318	2.345e-319	0
14.2	3.1885	421.22	0.00018474	0.00055792	0	0	0.22864	1.28E-10	0.00012669	5.82E-05	0.1	0	0.0017793	1.64E-06	0.021848	4.76E-10	2.19E-10	0.0019073	548.34	1.6967	3.04	11116	0.30007	3.3031e-319	0.16375	7.90E-05	49.656	0.30146	0.00041387	1.1525	4.832e-321	0.0027592	0.0077738	49.105	3.0667e-318	2.345e-319	0
14.3	3.1662	419.43	0.00018472	0.000558	0	0	0.22944	1.29E-10	0.00012415	5.72E-05	0.1	0	0.0017583	1.61E-06	0.021937	4.71E-10	2.17E-10	0.0019072	548.32	1.6925	3.0521	11116	0.30128	3.3031e-319	0.16374	7.92E-05	49.249	0.30258	0.00041306	1.1536	4.8517e-321	0.0026907	0.0077115	49.351	3.0754e-318	2.345e-319	0
14.4	3.144	417.64	0.0001847	0.00055809	0	0	0.23023	1.29E-10	0.00012166	5.62E-05	0.1	0	0.0017375	1.57E-06	0.022026	4.67E-10	2.16E-10	0.0019071	548.29	1.6883	3.0641	11115	0.30248	3.3031e-319	0.16374	7.94E-05	48.846	0.30369	0.00041226	1.1547	4.8715e-321	0.0026239	0.0076583	49.596	3.0842e-318	2.345e-319	0
14.5	3.1221	415.87	0.00018468	0.00055818	0	0	0.23101	1.30E-10	0.00011922	5.52E-05	0.1	0	0.001717	1.53E-06	0.022114	4.62E-10	2.14E-10	0.001907	548.27	1.6842	3.076	11115	0.30367	3.3031e-319	0.16373	7.96E-05	48.446	0.3048	0.00041146	1.1558	4.8912e-321	0.0025588	0.0076165	49.839	3.093e-318	2.345e-319	0
14.6	3.1003	414.11	0.00018466	0.00055827	0	0	0.23179	1.30E-10	0.00011683	5.42E-05	0.1	0	0.0016967	1.50E-06	0.022201	4.58E-10	2.12E-10	0.0019069	548.25	1.6801	3.0877	11115	0.30485	3.3031e-319	0.16373	7.99E-05	48.05	0.30589	0.00041068	1.1569	4.916e-321	0.0024952	0.0075856	50.081	3.1017e-318	2.345e-319	0
14.7	3.0786	412.37	0.00018464	0.00055836	0	0	0.23257	1.31E-10	0.00011449	5.32E-05	0.1	0	0.0016767	1.46E-06	0.022288	4.53E-10	2.11E-10	0.0019069	548.23	1.6761	3.0993	11115	0.30602	3.3031e-319	0.16372	8.01E-05	47.658	0.30698	0.0004099	1.158	4.9357e-321	0.0024332	0.0075645	50.321	3.1105e-318	2.345e-319	0
14.8	3.0571	410.63	0.00018463	0.00055845	0	0	0.23333	1.31E-10	0.00011219	5.22E-05	0.1	0	0.0016569	1.43E-06	0.022374	4.49E-10	2.09E-10	0.0019068	548.2	1.672	3.1107	11115	0.30718	3.3031e-319	0.16372	8.03E-05	47.27	0.30806	0.00040913	1.159	4.9555e-321	0.0023727	0.0075515	50.559	3.1192e-318	2.345e-319	0
14.9	3.0358	408.91	0.00018461	0.00055855	0	0	0.23409	1.32E-10	0.00010995	5.13E-05	0.1	0	0.0016373	1.39E-06	0.022459	4.44E-10	2.08E-10	0.0019067	548.18	1.668	3.122	11114	0.30833	3.3031e-319	0.16371	8.05E-05	46.886	0.30913	0.00040837	1.1601	4.9752e-321	0.0023137	0.0075444	50.795	3.1279e-318	2.345e-319	0
15	3.0147	407.2	0.0001846	0.00055864	0	0	0.23485	1.32E-10	0.00010775	5.04E-05	0.1	0	0.0016179	1.36E-06	0.022544	4.40E-10	2.06E-10	0.0019066	548.16	1.6641	3.1332	11114	0.30947	3.3031e-319	0.1637	8.07E-05	46.505	0.3102	0.00040762	1.1611	4.995e-321	0.0022562	0.0075413	51.03	3.1367e-318	2.345e-319	0
15.1	2.9937	405.5	0.00018458	0.00055873	0	0	0.23559	1.32E-10	0.00010559	4.95E-05	0.1	0	0.0015988	1.33E-06	0.022628	4.36E-10	2.04E-10	0.0019065	548.14	1.6601	3.1442	11114	0.3106	3.3031e-319	0.1637	8.09E-05	46.129	0.31125	0.00040688	1.1621	5.0197e-321	0.0022	0.0075406	51.263	3.1454e-318	2.345e-319	0
15.2	2.9728	403.81	0.00018457	0.00055883	0	0	0.23633	1.33E-10	0.00010348	4.86E-05	0.1	0	0.0015799	1.30E-06	0.022711	4.31E-10	2.03E-10	0.0019065	548.11	1.6562	3.1551	11114	0.31172	3.3031e-319	0.16369	8.11E-05	45.755	0.3123	0.00040614	1.1631	5.0444e-321	0.0021452	0.0075413	51.495	3.1542e-318	2.345e-319	0
15.3	2.9522	402.13	0.00018456	0.00055893	0	0	0.23707	1.33E-10	0.00010141	4.77E-05	0.1	0	0.0015613	1.27E-06	0.022794	4.27E-10	2.01E-10	0.0019064	548.09	1.6524	3.1659	11113	0.31283	3.3031e-319	0.16369	8.13E-05	45.386	0.31334	0.00040542	1.1641	5.0691e-321	0.0020918	0.0075427	51.725	3.163e-318	2.345e-319	0
15.4	2.9317	400.47	0.00018455	0.00055903	0	0	0.2378	1.34E-10	9.94E-05	4.68E-05	0.1	0	0.0015428	1.24E-06	0.022876	4.23E-10	1.99E-10	0.0019063	548.07	1.6485	3.1765	11113	0.31393	3.3031e-319	0.16368	8.15E-05	45.02	0.31437	0.0004047	1.1651	5.0889e-321	0.0020396	0.0075446	51.953	3.1714e-318	2.345e-319	0
15.5	2.9113	398.82	0.00018454	0.00055912	0	0	0.23852	1.34E-10	9.74E-05	4.60E-05	0.1	0	0.0015246	1.21E-06	0.022957	4.18E-10	1.98E-10	0.0019062	548.04	1.6447	3.187	11113	0.31501	3.3031e-319	0.16368	8.17E-05	44.658	0.3154	0.00040398	1.1661	5.1136e-321	0.0019887	0.0075466	52.18	3.1804e-318	2.345e-319	0
15.6	2.8912	397.18	0.00018453	0.00055922	0	0	0.23923	1.34E-10	9.55E-05	4.51E-05	0.1	0	0.0015067	1.18E-06	0.023038	4.14E-10	1.96E-10	0.0019062	548.02	1.641	3.1974	11113	0.31609	3.3031e-319	0.16367	8.19E-05	44.299	0.31641	0.00040328	1.167	5.1383e-321	0.001939	0.0075488	52.405	3.1892e-318	2.345e-319	0
15.7	2.8711	395.55	0.00018452	0.00055932	0	0	0.23994	1.35E-10	9.35E-05	4.43E-05	0.1	0	0.0014889	1.16E-06	0.023118	4.10E-10	1.94E-10	0.0019061	548	1.6372	3.2077	11113	0.31716	3.3031e-319	0.16367	8.21E-05	43.944	0.31742	0.00040258	1.168	5.163e-321	0.0018906	0.0075511	52.628	3.1979e-318	2.345e-319	0
15.8	2.8513	393.94	0.00018451	0.00055942	0	0	0.24065	1.35E-10	9.17E-05	4.35E-05	0.1	0	0.0014714	1.13E-06	0.023198	4.06E-10	1.93E-10	0.001906	547.98	1.6335	3.2178	11112	0.31822	3.3031e-319	0.16366	8.23E-05	43.592	0.31842	0.00040188	1.1689	5.1877e-321	0.0018433	0.0075535	52.85	3.2067e-318	2.345e-319	0
15.9	2.8316	392.34	0.0001845	0.00055952	0	0	0.24134	1.36E-10	8.98E-05	4.27E-05	0.1	0	0.0014541	1.10E-06	0.023276	4.01E-10	1.91E-10	0.0019059	547.95	1.6298	3.2278	11112	0.31927	3.3031e-319	0.16366	8.25E-05	43.244	0.31942	0.0004012	1.1698	5.2075e-321	0.0017971	0.0075559	53.07	3.2155e-318	2.345e-319	0
16	2.8121	390.74	0.00018449	0.00055962	0	0	0.24203	1.36E-10	8.81E-05	4.19E-05	0.1	0	0.001437	1.08E-06	0.023354	3.97E-10	1.89E-10	0.0019058	547.93	1.6262	3.2377	11112	0.32031	3.3031e-319	0.16365	8.27E-05	42.899	0.3204	0.00040052	1.1707	5.2371e-321	0.0017521	0.0075584	53.288	3.2218e-318	2.345e-319	0
16.1	2.7927	389.17	0.00018449	0.00055972	0	0	0.24272	1.36E-10	8.63E-05	4.12E-05	0.1	0	0.0014202	1.05E-06	0.023432	3.93E-10	1.88E-10	0.0019058	547.91	1.6225	3.2475	11112	0.32134	3.3031e-319	0.16365	8.28E-05	42.558	0.32138	0.00039984	1.1716	5.2618e-321	0.0017082	0.0075609	53.505	3.2264e-318	2.345e-319	0
16.2	2.7735	387.6	0.00018448	0.00055982	0	0	0.2434	1.37E-10	8.46E-05	4.04E-05	0.1	0	0.0014035	1.03E-06	0.023509	3.89E-10	1.86E-10	0.0019057	547.89	1.6189	3.2572	11112	0.32236	3.3031e-319	0.16364	8.30E-05	42.221	0.32235	0.00039917	1.1725	5.2816e-321	0.0016653	0.0075632	53.72	3.2307e-318	2.345e-319	0
16.3	2.7545	386.04	0.00018447	0.00055992	0	0	0.24407	1.37E-10	8.29E-05	3.97E-05	0.1	0	0.0013871	1.01E-06	0.023585	3.85E-10	1.84E-10	0.0019056	547.86	1.6154	3.2667	11111	0.32337	3.3031e-319	0.16364	8.32E-05	41.886	0.32331	0.00039851	1.1734	5.3013e-321	0.0016235	0.0075654	53.933	3.2373e-318	2.345e-319	0
16.4	2.7356	384.5	0.00018447	0.00056002	0	0	0.24474	1.38E-10	8.12E-05	3.89E-05	0.1	0	0.0013709	9.85E-07	0.02366	3.81E-10	1.83E-10	0.0019055	547.84	1.6118	3.2761	11111	0.32437	3.3031e-319	0.16363	8.34E-05	41.556	0.32427	0.00039785	1.1743	5.3211e-321	0.0015827	0.0075674	54.145	3.2428e-318	2.345e-319	0
16.5	2.7169	382.97	0.00018446	0.00056012	0	0	0.2454	1.38E-10	7.96E-05	3.82E-05	0.1	0	0.0013549	9.62E-07	0.023735	3.77E-10	1.81E-10	0.0019054	547.82	1.6083	3.2854	11111	0.32536	3.3031e-319	0.16363	8.36E-05	41.228	0.32521	0.0003972	1.1751	5.3359e-321	0.0015428	0.007569	54.355	3.2482e-318	2.345e-319	0
16.6	2.6983	381.45	0.00018446	0.00056021	0	0	0.24605	1.38E-10	7.80E-05	3.75E-05	0.1	0	0.0013392	9.41E-07	0.023809	3.73E-10	1.79E-10	0.0019054	547.8	1.6048	3.2946	11111	0.32634	3.3031e-319	0.16362	8.38E-05	40.904	0.32615	0.00039656	1.1759	5.3557e-321	0.001504	0.0075703	54.564	3.2547e-318	2.345e-319	0
16.7	2.68	379.94	0.00018445	0.00056031	0	0	0.2467	1.39E-10	7.65E-05	3.68E-05	0.1	0	0.0013236	9.19E-07	0.023883	3.69E-10	1.78E-10	0.0019053	547.77	1.6014	3.3037	11111	0.32731	3.3031e-319	0.16361	8.39E-05	40.583	0.32708	0.00039591	1.1767	5.3754e-321	0.001466	0.007571	54.771	3.2624e-318	2.345e-319	0
16.8	2.6617	378.45	0.00018445	0.00056041	0	0	0.24734	1.39E-10	7.49E-05	3.61E-05	0.1	0	0.0013083	8.99E-07	0.023955	3.65E-10	1.76E-10	0.0019052	547.75	1.598	3.3127	11110	0.32827	3.3031e-319	0.16361	8.41E-05	40.266	0.32801	0.00039528	1.1776	5.3952e-321	0.001429	0.0075713	54.976	3.269e-318	2.345e-319	0
16.9	2.6437	376.97	0.00018444	0.00056051	0	0	0.24798	1.39E-10	7.34E-05	3.55E-05	0.1	0	0.0012931	8.79E-07	0.024028	3.61E-10	1.74E-10	0.0019051	547.73	1.5946	3.3215	11110	0.32922	3.3031e-319	0.1636	8.43E-05	39.951	0.32892	0.00039465	1.1784	5.415e-321	0.0013929	0.0075711	55.18	3.2767e-318	2.345e-319	0
17	2.6258	375.49	0.00018444	0.00056061	0	0	0.24861	1.40E-10	7.20E-05	3.48E-05	0.1	0	0.0012782	8.59E-07	0.024099	3.57E-10	1.73E-10	0.0019051	547.71	1.5912	3.3303	11110	0.33016	3.3031e-319	0.1636	8.45E-05	39.641	0.32983	0.00039402	1.1791	5.4347e-321	0.0013577	0.0075705	55.382	3.2843e-318	2.345e-319	0
17.1	2.6081	374.04	0.00018444	0.0005607	0	0	0.24923	1.40E-10	7.05E-05	3.42E-05	0.1	0	0.0012635	8.40E-07	0.02417	3.53E-10	1.71E-10	0.001905	547.69	1.5879	3.3389	11110	0.3311	3.3031e-319	0.16359	8.47E-05	39.333	0.33073	0.0003934	1.1799	5.4545e-321	0.0013233	0.0075696	55.582	3.2908e-318	2.345e-319	0
17.2	2.5905	372.59	0.00018443	0.0005608	0	0	0.24985	1.40E-10	6.91E-05	3.35E-05	0.1	0	0.001249	8.21E-07	0.02424	3.49E-10	1.69E-10	0.0019049	547.66	1.5845	3.3475	11110	0.33202	3.3031e-319	0.16359	8.48E-05	39.028	0.33162	0.00039278	1.1807	5.4792e-321	0.0012898	0.0075687	55.781	3.2985e-318	2.345e-319	0
17.3	2.5731	371.15	0.00018443	0.00056089	0	0	0.25046	1.41E-10	6.77E-05	3.29E-05	0.1	0	0.0012346	8.03E-07	0.02431	3.45E-10	1.68E-10	0.0019048	547.64	1.5813	3.3559	11109	0.33294	3.3031e-319	0.16358	8.50E-05	38.727	0.33251	0.00039217	1.1814	5.499e-321	0.0012571	0.0075678	55.978	3.3062e-318	2.345e-319	0
17.4	2.5558	369.73	0.00018443	0.00056099	0	0	0.25107	1.41E-10	6.64E-05	3.23E-05	0.1	0	0.0012205	7.85E-07	0.024379	3.41E-10	1.66E-10	0.0019048	547.62	1.578	3.3642	11109	0.33384	3.3031e-319	0.16358	8.52E-05	38.429	0.33339	0.00039156	1.1821	5.5187e-321	0.0012251	0.0075673	56.174	3.3149e-318	2.345e-319	0
17.5	2.5388	368.32	0.00018442	0.00056108	0	0	0.25167	1.41E-10	6.50E-05	3.17E-05	0.1	0	0.0012066	7.68E-07	0.024447	3.37E-10	1.64E-10	0.0019047	547.6	1.5748	3.3724	11109	0.33474	3.3031e-319	0.16357	8.53E-05	38.134	0.33426	0.00039096	1.1828	5.5385e-321	0.001194	0.0075675	56.367	3.3235e-318	2.345e-319	0
17.6	2.5218	366.92	0.00018442	0.00056117	0	0	0.25226	1.42E-10	6.37E-05	3.11E-05	0.1	0	0.0011929	7.51E-07	0.024515	3.33E-10	1.63E-10	0.0019046	547.58	1.5716	3.3806	11109	0.33563	3.3031e-319	0.16357	8.55E-05	37.842	0.33512	0.00039036	1.1836	5.5582e-321	0.0011636	0.0075687	56.56	3.3323e-318	2.345e-319	0
17.7	2.5051	365.53	0.00018442	0.00056127	0	0	0.25285	1.42E-10	6.25E-05	3.05E-05	0.1	0	0.0011794	7.34E-07	0.024582	3.30E-10	1.61E-10	0.0019045	547.56	1.5684	3.3886	11109	0.3365	3.3031e-319	0.16356	8.57E-05	37.554	0.33598	0.00038977	1.1842	5.578e-321	0.001134	0.0075709	56.75	3.3411e-318	2.345e-319	0
17.8	2.4885	364.16	0.00018442	0.00056136	0	0	0.25343	1.42E-10	6.12E-05	3.00E-05	0.1	0	0.001166	7.18E-07	0.024648	3.26E-10	1.59E-10	0.0019045	547.53	1.5652	3.3965	11109	0.33737	3.3031e-319	0.16356	8.58E-05	37.268	0.33682	0.00038917	1.1849	5.5978e-321	0.001105	0.0075744	56.939	3.3498e-318	2.345e-319	0
17.9	2.472	362.8	0.00018441	0.00056145	0	0	0.25401	1.43E-10	6.00E-05	2.94E-05	0.1	0	0.0011529	7.02E-07	0.024714	3.22E-10	1.58E-10	0.0019044	547.51	1.5621	3.4043	11108	0.33823	3.3031e-319	0.16355	8.60E-05	36.986	0.33766	0.00038859	1.1856	5.6175e-321	0.0010768	0.0075791	57.127	3.3585e-318	2.345e-319	0
18	2.4558	361.45	0.00018441	0.00056154	0	0	0.25458	1.43E-10	5.88E-05	2.88E-05	0.1	0	0.00114	6.87E-07	0.024779	3.18E-10	1.56E-10	0.0019043	547.49	1.559	3.412	11108	0.33908	3.3031e-319	0.16355	8.62E-05	36.706	0.3385	0.00038801	1.1863	5.6373e-321	0.0010493	0.0075848	57.313	3.3673e-318	2.345e-319	0
18.1	2.4396	360.11	0.00018441	0.00056162	0	0	0.25515	1.43E-10	5.76E-05	2.83E-05	0.1	0	0.0011272	6.72E-07	0.024843	3.15E-10	1.55E-10	0.0019042	547.47	1.5559	3.4197	11108	0.33992	3.3031e-319	0.16354	8.63E-05	36.43	0.33932	0.00038743	1.1869	5.6571e-321	0.0010225	0.0075913	57.497	3.376e-318	2.345e-319	0
18.2	2.4237	358.78	0.0001844	0.00056171	0	0	0.25571	1.44E-10	5.65E-05	2.78E-05	0.1	0	0.0011147	6.57E-07	0.024907	3.11E-10	1.53E-10	0.0019042	547.45	1.5529	3.4272	11108	0.34076	3.3031e-319	0.16354	8.65E-05	36.156	0.34014	0.00038685	1.1875	5.6768e-321	0.00099629	0.0075984	57.68	3.3847e-318	2.345e-319	0
18.3	2.4079	357.46	0.0001844	0.0005618	0	0	0.25626	1.44E-10	5.53E-05	2.72E-05	0.1	0	0.0011023	6.43E-07	0.02497	3.07E-10	1.51E-10	0.0019041	547.43	1.5499	3.4346	11108	0.34158	3.3031e-319	0.16354	8.67E-05	35.886	0.34095	0.00038628	1.1882	5.6916e-321	0.00097075	0.0076054	57.861	3.3935e-318	2.345e-319	0
18.4	2.3922	356.16	0.0001844	0.00056188	0	0	0.25681	1.44E-10	5.42E-05	2.67E-05	0.1	0	0.0010901	6.29E-07	0.025033	3.04E-10	1.50E-10	0.001904	547.41	1.5469	3.442	11107	0.3424	3.3031e-319	0.16353	8.68E-05	35.619	0.34175	0.00038572	1.1888	5.7114e-321	0.00094584	0.0076125	58.04	3.402e-318	2.345e-319	0
18.5	2.3767	354.87	0.0001844	0.00056196	0	0	0.25736	1.45E-10	5.31E-05	2.62E-05	0.1	0	0.0010781	6.15E-07	0.025095	3.00E-10	1.48E-10	0.0019039	547.39	1.5439	3.4492	11107	0.3432	3.3031e-319	0.16353	8.70E-05	35.354	0.34255	0.00038516	1.1894	5.7262e-321	0.00092155	0.0076187	58.218	3.411e-318	2.345e-319	0
18.6	2.3614	353.59	0.00018439	0.00056205	0	0	0.25789	1.45E-10	5.20E-05	2.57E-05	0.1	0	0.0010662	6.02E-07	0.025156	2.96E-10	1.46E-10	0.0019039	547.37	1.541	3.4563	11107	0.344	3.3031e-319	0.16352	8.71E-05	35.093	0.34334	0.0003846	1.1899	5.746e-321	0.00089785	0.0076249	58.394	3.4197e-318	2.345e-319	0
18.7	2.3463	352.32	0.00018439	0.00056213	0	0	0.25843	1.45E-10	5.10E-05	2.52E-05	0.1	0	0.0010546	5.89E-07	0.025217	2.93E-10	1.45E-10	0.0019038	547.35	1.538	3.4634	11107	0.34479	3.3031e-319	0.16352	8.73E-05	34.834	0.34412	0.00038404	1.1905	5.7608e-321	0.00087474	0.0076306	58.569	3.4283e-318	2.345e-319	0
18.8	2.3312	351.07	0.00018439	0.00056221	0	0	0.25895	1.46E-10	5.00E-05	2.47E-05	0.1	0	0.0010431	5.76E-07	0.025277	2.89E-10	1.43E-10	0.0019037	547.33	1.5351	3.4704	11107	0.34557	3.3031e-319	0.16351	8.75E-05	34.579	0.34489	0.00038349	1.1911	5.7806e-321	0.00085221	0.0076365	58.742	3.4372e-318	2.345e-319	0
18.9	2.3164	349.82	0.00018438	0.00056229	0	0	0.25947	1.46E-10	4.90E-05	2.43E-05	0.1	0	0.0010318	5.63E-07	0.025336	2.86E-10	1.42E-10	0.0019037	547.31	1.5323	3.4773	11107	0.34634	3.3031e-319	0.16351	8.76E-05	34.326	0.34566	0.00038294	1.1916	5.8003e-321	0.00083023	0.0076437	58.913	3.4459e-318	2.345e-319	0
19	2.3017	348.59	0.00018438	0.00056236	0	0	0.25999	1.46E-10	4.80E-05	2.38E-05	0.1	0	0.0010206	5.51E-07	0.025395	2.82E-10	1.40E-10	0.0019036	547.29	1.5294	3.484	11106	0.3471	3.3031e-319	0.1635	8.78E-05	34.076	0.34642	0.0003824	1.1922	5.8152e-321	0.0008088	0.0076521	59.083	3.4545e-318	2.345e-319	0
19.1	2.2871	347.37	0.00018438	0.00056244	0	0	0.2605	1.46E-10	4.70E-05	2.34E-05	0.1	0	0.0010097	5.40E-07	0.025453	2.79E-10	1.39E-10	0.0019035	547.27	1.5266	3.4907	11106	0.34786	3.3031e-319	0.1635	8.79E-05	33.829	0.34717	0.00038186	1.1927	5.8349e-321	0.00078791	0.0076631	59.251	3.4635e-318	2.345e-319	0
19.2	2.2728	346.16	0.00018437	0.00056251	0	0	0.261	1.47E-10	4.61E-05	2.29E-05	0.1	0	0.00099889	5.28E-07	0.02551	2.75E-10	1.37E-10	0.0019035	547.25	1.5238	3.4974	11106	0.3486	3.3031e-319	0.16349	8.81E-05	33.585	0.34792	0.00038132	1.1932	5.8497e-321	0.00076753	0.0076767	59.418	3.4722e-318	2.345e-319	0
19.3	2.2585	344.96	0.00018437	0.00056259	0	0	0.2615	1.47E-10	4.51E-05	2.25E-05	0.1	0	0.00098826	5.17E-07	0.025567	2.72E-10	1.35E-10	0.0019034	547.23	1.521	3.5039	11106	0.34934	3.3031e-319	0.16349	8.82E-05	33.344	0.34865	0.00038079	1.1937	5.8695e-321	0.00074767	0.0076932	59.583	3.4808e-318	2.345e-319	0
19.4	2.2445	343.78	0.00018436	0.00056266	0	0	0.262	1.47E-10	4.42E-05	2.20E-05	0.1	0	0.0009778	5.06E-07	0.025624	2.68E-10	1.34E-10	0.0019033	547.21	1.5183	3.5103	11106	0.35007	3.3031e-319	0.16348	8.84E-05	33.105	0.34938	0.00038026	1.1942	5.8843e-321	0.0007283	0.0077121	59.746	3.4897e-318	2.345e-319	0
19.5	2.2305	342.61	0.00018436	0.00056273	0	0	0.26249	1.48E-10	4.33E-05	2.16E-05	0.1	0	0.0009675	4.95E-07	0.025679	2.65E-10	1.32E-10	0.0019032	547.19	1.5156	3.5167	11106	0.35079	3.3031e-319	0.16348	8.85E-05	32.869	0.35011	0.00037974	1.1947	5.8991e-321	0.00070942	0.007733	59.908	3.4984e-318	2.345e-319	0
19.6	2.2168	341.44	0.00018436	0.0005628	0	0	0.26297	1.48E-10	4.24E-05	2.12E-05	0.1	0	0.00095736	4.85E-07	0.025734	2.62E-10	1.31E-10	0.0019032	547.17	1.5129	3.523	11105	0.3515	3.3031e-319	0.16348	8.86E-05	32.636	0.35082	0.00037922	1.1952	5.9189e-321	0.00069101	0.0077534	60.068	3.507e-318	2.345e-319	0
19.7	2.2031	340.29	0.00018435	0.00056287	0	0	0.26345	1.48E-10	4.16E-05	2.08E-05	0.1	0	0.00094739	4.74E-07	0.025789	2.58E-10	1.29E-10	0.0019031	547.15	1.5102	3.5292	11105	0.3522	3.3031e-319	0.16347	8.88E-05	32.406	0.35153	0.0003787	1.1956	5.9387e-321	0.00067307	0.0077736	60.227	3.5159e-318	2.345e-319	0
19.8	2.1897	339.16	0.00018435	0.00056293	0	0	0.26392	1.48E-10	4.07E-05	2.04E-05	0.1	0	0.00093757	4.64E-07	0.025843	2.55E-10	1.28E-10	0.001903	547.13	1.5075	3.5353	11105	0.3529	3.3031e-319	0.16347	8.89E-05	32.179	0.35223	0.00037819	1.1961	5.9535e-321	0.00065558	0.0077891	60.384	3.5247e-318	2.345e-319	0
19.9	2.1764	338.03	0.00018434	0.000563	0	0	0.26438	1.49E-10	3.99E-05	2.00E-05	0.1	0	0.00092791	4.55E-07	0.025896	2.52E-10	1.26E-10	0.001903	547.11	1.5049	3.5413	11105	0.35359	3.3031e-319	0.16346	8.91E-05	31.954	0.35293	0.00037768	1.1965	5.9683e-321	0.00063853	0.0078013	60.539	3.5333e-318	2.345e-319	0
20	2.1632	336.91	0.00018434	0.00056306	0	0	0.26485	1.49E-10	3.91E-05	1.96E-05	0.1	0	0.0009184	4.45E-07	0.025948	2.48E-10	1.25E-10	0.0019029	547.09	1.5023	3.5473	11105	0.35427	3.3031e-319	0.16346	8.92E-05	31.732	0.35361	0.00037717	1.197	5.9881e-321	0.00062191	0.0078063	60.693	3.5422e-318	2.345e-319	0
20.1	2.1502	335.81	0.00018433	0.00056312	0	0	0.2653	1.49E-10	3.83E-05	1.92E-05	0.1	0	0.00090905	4.36E-07	0.026	2.45E-10	1.23E-10	0.0019029	547.07	1.4997	3.5531	11105	0.35494	3.3031e-319	0.16345	8.94E-05	31.512	0.35429	0.00037667	1.1974	6.0029e-321	0.00060571	0.0078048	60.846	3.5509e-318	2.345e-319	0
20.2	2.1374	334.72	0.00018433	0.00056318	0	0	0.26575	1.49E-10	3.75E-05	1.88E-05	0.1	0	0.00089985	4.27E-07	0.026052	2.42E-10	1.21E-10	0.0019028	547.05	1.4972	3.5589	11105	0.3556	3.3031e-319	0.16345	8.95E-05	31.296	0.35497	0.00037617	1.1978	6.0227e-321	0.00058992	0.0077966	60.997	3.5574e-318	2.345e-319	0
20.3	2.1246	333.64	0.00018432	0.00056324	0	0	0.2662	1.50E-10	3.67E-05	1.85E-05	0.1	0	0.0008908	4.18E-07	0.026103	2.39E-10	1.20E-10	0.0019027	547.04	1.4946	3.5646	11104	0.35625	3.3031e-319	0.16345	8.96E-05	31.082	0.35563	0.00037568	1.1982	6.0375e-321	0.00057454	0.0077808	61.146	3.564e-318	2.345e-319	0
20.4	2.1121	332.57	0.00018432	0.0005633	0	0	0.26664	1.50E-10	3.60E-05	1.81E-05	0.1	0	0.00088189	4.09E-07	0.026153	2.35E-10	1.18E-10	0.0019027	547.02	1.4921	3.5703	11104	0.3569	3.3031e-319	0.16344	8.98E-05	30.87	0.35629	0.00037519	1.1986	6.0523e-321	0.00055955	0.0077612	61.294	3.5706e-318	2.345e-319	0
20.5	2.0997	331.52	0.00018431	0.00056336	0	0	0.26707	1.50E-10	3.53E-05	1.78E-05	0.1	0	0.00087313	4.01E-07	0.026203	2.32E-10	1.17E-10	0.0019026	547	1.4896	3.5758	11104	0.35754	3.3031e-319	0.16344	8.99E-05	30.661	0.35694	0.0003747	1.199	6.0721e-321	0.00054494	0.0077364	61.44	3.575e-318	2.345e-319	0
20.6	2.0874	330.47	0.0001843	0.00056341	0	0	0.2675	1.50E-10	3.45E-05	1.74E-05	0.1	0	0.00086452	3.92E-07	0.026252	2.29E-10	1.15E-10	0.0019025	546.98	1.4872	3.5813	11104	0.35817	3.3031e-319	0.16343	9.00E-05	30.455	0.35758	0.00037421	1.1993	6.0869e-321	0.0005307	0.0077107	61.584	3.5793e-318	2.345e-319	0
20.7	2.0753	329.44	0.0001843	0.00056347	0	0	0.26793	1.51E-10	3.38E-05	1.71E-05	0.1	0	0.00085605	3.84E-07	0.0263	2.26E-10	1.14E-10	0.0019025	546.96	1.4847	3.5867	11104	0.35879	3.3031e-319	0.16343	9.02E-05	30.252	0.35822	0.00037373	1.1997	6.1067e-321	0.00051683	0.0076841	61.727	3.5837e-318	2.345e-319	0
20.8	2.0633	328.41	0.00018429	0.00056352	0	0	0.26835	1.51E-10	3.31E-05	1.67E-05	0.1	0	0.00084772	3.77E-07	0.026348	2.23E-10	1.13E-10	0.0019024	546.95	1.4823	3.592	11104	0.35941	3.3031e-319	0.16343	9.03E-05	30.051	0.35885	0.00037326	1.2001	6.1215e-321	0.00050332	0.0076591	61.869	3.5879e-318	2.345e-319	0
20.9	2.0515	327.4	0.00018428	0.00056357	0	0	0.26876	1.51E-10	3.24E-05	1.64E-05	0.1	0	0.00083953	3.69E-07	0.026395	2.20E-10	1.11E-10	0.0019024	546.93	1.4799	3.5973	11104	0.36002	3.3031e-319	0.16342	9.04E-05	29.852	0.35948	0.00037278	1.2004	6.1363e-321	0.00049015	0.0076367	62.009	3.5924e-318	2.345e-319	0
21	2.0399	326.41	0.00018428	0.00056362	0	0	0.26917	1.51E-10	3.18E-05	1.61E-05	0.1	0	0.00083148	3.61E-07	0.026442	2.17E-10	1.10E-10	0.0019023	546.91	1.4776	3.6025	11103	0.36061	3.3031e-319	0.16342	9.06E-05	29.656	0.36009	0.00037232	1.2007	6.1561e-321	0.00047733	0.0076178	62.147	3.5968e-318	2.345e-319	0
21.1	2.0283	325.42	0.00018427	0.00056367	0	0	0.26957	1.51E-10	3.11E-05	1.57E-05	0.1	0	0.00082357	3.54E-07	0.026488	2.14E-10	1.08E-10	0.0019022	546.89	1.4752	3.6076	11103	0.36121	3.3031e-319	0.16341	9.07E-05	29.463	0.3607	0.00037185	1.2011	6.1709e-321	0.00046484	0.0076027	62.284	3.6011e-318	2.345e-319	0
21.2	2.017	324.44	0.00018426	0.00056372	0	0	0.26997	1.52E-10	3.05E-05	1.54E-05	0.1	0	0.00081579	3.47E-07	0.026533	2.11E-10	1.07E-10	0.0019022	546.88	1.4729	3.6126	11103	0.36179	3.3031e-319	0.16341	9.08E-05	29.272	0.3613	0.00037139	1.2014	6.1906e-321	0.00045267	0.0075915	62.419	3.6055e-318	2.345e-319	0
21.3	2.0057	323.48	0.00018426	0.00056376	0	0	0.27037	1.52E-10	2.98E-05	1.51E-05	0.1	0	0.00080815	3.40E-07	0.026578	2.08E-10	1.05E-10	0.0019021	546.86	1.4706	3.6176	11103	0.36237	3.3031e-319	0.16341	9.10E-05	29.084	0.3619	0.00037094	1.2017	6.2104e-321	0.00044081	0.0075839	62.553	3.6099e-318	2.345e-319	0
21.4	1.9946	322.52	0.00018425	0.00056381	0	0	0.27076	1.52E-10	2.92E-05	1.48E-05	0.1	0	0.00080063	3.33E-07	0.026623	2.05E-10	1.04E-10	0.0019021	546.84	1.4684	3.6225	11103	0.36293	3.3031e-319	0.1634	9.11E-05	28.898	0.36248	0.00037048	1.202	6.2252e-321	0.00042927	0.0075794	62.685	3.6142e-318	2.345e-319	0
21.5	1.9837	321.58	0.00018424	0.00056385	0	0	0.27114	1.52E-10	2.86E-05	1.45E-05	0.1	0	0.00079325	3.27E-07	0.026666	2.02E-10	1.02E-10	0.001902	546.83	1.4661	3.6273	11103	0.36349	3.3031e-319	0.1634	9.12E-05	28.715	0.36306	0.00037003	1.2023	6.245e-321	0.00041803	0.0075774	62.815	3.6187e-318	2.345e-319	0
21.6	1.9729	320.65	0.00018423	0.00056389	0	0	0.27152	1.53E-10	2.80E-05	1.42E-05	0.1	0	0.000786	3.20E-07	0.02671	1.99E-10	1.01E-10	0.0019019	546.81	1.4639	3.6321	11103	0.36405	3.3031e-319	0.1634	9.13E-05	28.534	0.36364	0.00036959	1.2026	6.2598e-321	0.00040708	0.0075773	62.944	3.623e-318	2.345e-319	0
21.7	1.9622	319.73	0.00018422	0.00056393	0	0	0.27189	1.53E-10	2.74E-05	1.39E-05	0.1	0	0.00077887	3.14E-07	0.026752	1.96E-10	9.96E-11	0.0019019	546.79	1.4617	3.6367	11102	0.36459	3.3031e-319	0.16339	9.14E-05	28.356	0.36421	0.00036915	1.2029	6.2746e-321	0.00039642	0.0075783	63.072	3.6275e-318	2.345e-319	0
21.8	1.9517	318.83	0.00018422	0.00056397	0	0	0.27226	1.53E-10	2.69E-05	1.37E-05	0.1	0	0.00077187	3.08E-07	0.026794	1.93E-10	9.82E-11	0.0019018	546.78	1.4595	3.6414	11102	0.36513	3.3031e-319	0.16339	9.16E-05	28.18	0.36476	0.00036871	1.2031	6.2895e-321	0.00038603	0.0075801	63.197	3.6318e-318	2.345e-319	0
21.9	1.9413	317.93	0.00018421	0.00056401	0	0	0.27262	1.53E-10	2.63E-05	1.34E-05	0.1	0	0.00076499	3.02E-07	0.026836	1.90E-10	9.68E-11	0.0019018	546.76	1.4574	3.6459	11102	0.36566	3.3031e-319	0.16338	9.17E-05	28.006	0.36532	0.00036828	1.2034	6.3043e-321	0.00037593	0.0075821	63.322	3.6361e-318	2.345e-319	0
22	1.9311	317.04	0.0001842	0.00056405	0	0	0.27298	1.53E-10	2.58E-05	1.31E-05	0.1	0	0.00075824	2.96E-07	0.026877	1.87E-10	9.54E-11	0.0019017	546.75	1.4552	3.6504	11102	0.36618	3.3031e-319	0.16338	9.18E-05	27.835	0.36586	0.00036785	1.2036	6.324e-321	0.00036609	0.0075839	63.445	3.6404e-318	2.345e-319	0
22.1	1.921	316.17	0.00018419	0.00056408	0	0	0.27334	1.54E-10	2.52E-05	1.29E-05	0.1	0	0.0007516	2.90E-07	0.026917	1.85E-10	9.41E-11	0.0019017	546.73	1.4531	3.6548	11102	0.3667	3.3031e-319	0.16338	9.19E-05	27.667	0.3664	0.00036743	1.2039	6.3339e-321	0.00035651	0.0075853	63.566	3.6449e-318	2.345e-319	0
22.2	1.9111	315.31	0.00018418	0.00056412	0	0	0.27369	1.54E-10	2.47E-05	1.26E-05	0.1	0	0.00074509	2.84E-07	0.026957	1.82E-10	9.27E-11	0.0019016	546.72	1.451	3.6592	11102	0.36721	3.3031e-319	0.16337	9.20E-05	27.5	0.36693	0.00036701	1.2041	6.3487e-321	0.00034718	0.0075861	63.685	3.6493e-318	2.345e-319	0
22.3	1.9013	314.46	0.00018417	0.00056415	0	0	0.27403	1.54E-10	2.42E-05	1.23E-05	0.1	0	0.0007387	2.79E-07	0.026996	1.79E-10	9.14E-11	0.0019016	546.7	1.449	3.6634	11102	0.36771	3.3031e-319	0.16337	9.21E-05	27.337	0.36746	0.00036659	1.2044	6.3636e-321	0.00033811	0.0075861	63.804	3.6536e-318	2.345e-319	0
22.4	1.8916	313.62	0.00018416	0.00056418	0	0	0.27437	1.54E-10	2.37E-05	1.21E-05	0.1	0	0.00073242	2.74E-07	0.027035	1.76E-10	9.00E-11	0.0019015	546.69	1.4469	3.6676	11102	0.3682	3.3031e-319	0.16337	9.23E-05	27.175	0.36798	0.00036618	1.2046	6.3784e-321	0.00032927	0.0075853	63.92	3.658e-318	2.345e-319	0
22.5	1.882	312.79	0.00018415	0.00056421	0	0	0.2747	1.54E-10	2.32E-05	1.18E-05	0.1	0	0.00072626	2.68E-07	0.027073	1.74E-10	8.87E-11	0.0019015	546.67	1.4449	3.6718	11101	0.36869	3.3031e-319	0.16336	9.24E-05	27.016	0.36849	0.00036578	1.2048	6.3932e-321	0.00032067	0.0075838	64.035	3.6624e-318	2.345e-319	0
22.6	1.8727	311.97	0.00018414	0.00056424	0	0	0.27503	1.55E-10	2.27E-05	1.16E-05	0.1	0	0.00072021	2.63E-07	0.027111	1.71E-10	8.74E-11	0.0019014	546.66	1.4429	3.6759	11101	0.36916	3.3031e-319	0.16336	9.25E-05	26.859	0.36899	0.00036537	1.205	6.4031e-321	0.00031231	0.0075815	64.149	3.6667e-318	2.345e-319	0
22.7	1.8634	311.17	0.00018413	0.00056427	0	0	0.27536	1.55E-10	2.22E-05	1.14E-05	0.1	0	0.00071428	2.58E-07	0.027148	1.68E-10	8.61E-11	0.0019014	546.64	1.441	3.6799	11101	0.36964	3.3031e-319	0.16336	9.26E-05	26.705	0.36949	0.00036498	1.2052	6.413e-321	0.00030417	0.0075786	64.261	3.6711e-318	2.345e-319	0
22.8	1.8543	310.37	0.00018412	0.0005643	0	0	0.27568	1.55E-10	2.17E-05	1.11E-05	0.1	0	0.00070846	2.54E-07	0.027184	1.66E-10	8.48E-11	0.0019013	546.63	1.439	3.6839	11101	0.3701	3.3031e-319	0.16335	9.27E-05	26.553	0.36998	0.00036458	1.2054	6.4278e-321	0.00029625	0.0075751	64.371	3.6755e-318	2.345e-319	0
22.9	1.8453	309.59	0.00018411	0.00056433	0	0	0.27599	1.55E-10	2.13E-05	1.09E-05	0.1	0	0.00070275	2.49E-07	0.02722	1.63E-10	8.35E-11	0.0019013	546.61	1.4371	3.6878	11101	0.37056	3.3031e-319	0.16335	9.28E-05	26.403	0.37046	0.00036419	1.2056	6.4426e-321	0.00028854	0.0075712	64.48	3.6798e-318	2.345e-319	0
23	1.8364	308.82	0.0001841	0.00056435	0	0	0.2763	1.55E-10	2.08E-05	1.07E-05	0.1	0	0.00069715	2.44E-07	0.027255	1.60E-10	8.22E-11	0.0019012	546.6	1.4352	3.6916	11101	0.37101	3.3031e-319	0.16335	9.29E-05	26.256	0.37094	0.00036381	1.2058	6.4574e-321	0.00028105	0.0075671	64.587	3.6843e-318	2.345e-319	0
23.1	1.8277	308.06	0.00018409	0.00056438	0	0	0.27661	1.55E-10	2.04E-05	1.04E-05	0.1	0	0.00069166	2.40E-07	0.02729	1.58E-10	8.09E-11	0.0019012	546.59	1.4334	3.6954	11101	0.37145	3.3031e-319	0.16334	9.30E-05	26.111	0.37141	0.00036343	1.206	6.4673e-321	0.00027375	0.0075628	64.693	3.6886e-318	2.345e-319	0
23.2	1.8192	307.31	0.00018408	0.0005644	0	0	0.27691	1.56E-10	1.99E-05	1.02E-05	0.1	0	0.00068627	2.35E-07	0.027324	1.55E-10	7.97E-11	0.0019011	546.57	1.4315	3.6991	11101	0.37189	3.3031e-319	0.16334	9.31E-05	25.968	0.37187	0.00036305	1.2061	6.4772e-321	0.00026666	0.0075586	64.797	3.6929e-318	2.345e-319	0
23.3	1.8107	306.57	0.00018407	0.00056442	0	0	0.2772	1.56E-10	1.95E-05	1.00E-05	0.1	0	0.00068099	2.31E-07	0.027358	1.53E-10	7.84E-11	0.0019011	546.56	1.4297	3.7027	11101	0.37231	3.3031e-319	0.16334	9.32E-05	25.827	0.37232	0.00036268	1.2063	6.4871e-321	0.00025977	0.0075545	64.9	3.6973e-318	2.345e-319	0
23.4	1.8024	305.84	0.00018406	0.00056445	0	0	0.27749	1.56E-10	1.91E-05	9.80E-06	0.1	0	0.00067582	2.27E-07	0.027391	1.50E-10	7.72E-11	0.001901	546.54	1.4279	3.7063	11100	0.37274	3.3031e-319	0.16334	9.33E-05	25.689	0.37277	0.00036231	1.2065	6.497e-321	0.00025306	0.0075506	65.001	3.7017e-318	2.345e-319	0
23.5	1.7943	305.12	0.00018405	0.00056447	0	0	0.27778	1.56E-10	1.87E-05	9.60E-06	0.1	0	0.00067075	2.23E-07	0.027424	1.48E-10	7.60E-11	0.001901	546.53	1.4262	3.7098	11100	0.37315	3.3031e-319	0.16333	9.34E-05	25.553	0.37321	0.00036195	1.2066	6.5068e-321	0.00024654	0.0075471	65.101	3.706e-318	2.345e-319	0
23.6	1.7862	304.42	0.00018404	0.00056449	0	0	0.27806	1.56E-10	1.83E-05	9.39E-06	0.1	0	0.00066578	2.19E-07	0.027456	1.45E-10	7.47E-11	0.0019009	546.52	1.4244	3.7133	11100	0.37356	3.3031e-319	0.16333	9.35E-05	25.419	0.37365	0.0003616	1.2068	6.5217e-321	0.0002402	0.0075439	65.199	3.7103e-318	2.345e-319	0
23.7	1.7783	303.72	0.00018403	0.00056451	0	0	0.27834	1.56E-10	1.79E-05	9.20E-06	0.1	0	0.00066091	2.15E-07	0.027488	1.43E-10	7.35E-11	0.0019009	546.51	1.4227	3.7167	11100	0.37396	3.3031e-319	0.16333	9.36E-05	25.288	0.37408	0.00036124	1.2069	6.5315e-321	0.00023404	0.0075411	65.296	3.7148e-318	2.345e-319	0
23.8	1.7705	303.04	0.00018402	0.00056452	0	0	0.27861	1.57E-10	1.75E-05	9.00E-06	0.1	0	0.00065614	2.11E-07	0.027519	1.41E-10	7.23E-11	0.0019008	546.49	1.421	3.72	11100	0.37435	3.3031e-319	0.16332	9.37E-05	25.158	0.3745	0.0003609	1.2071	6.5513e-321	0.00022805	0.0075387	65.391	3.7191e-318	2.345e-319	0
23.9	1.7629	302.37	0.00018401	0.00056454	0	0	0.27888	1.57E-10	1.71E-05	8.81E-06	0.1	0	0.00065147	2.08E-07	0.027549	1.38E-10	7.12E-11	0.0019008	546.48	1.4194	3.7233	11100	0.37474	3.3031e-319	0.16332	9.38E-05	25.031	0.37491	0.00036055	1.2072	6.5661e-321	0.00022223	0.0075366	65.484	3.7235e-318	2.345e-319	0
24	1.7554	301.71	0.000184	0.00056456	0	0	0.27914	1.57E-10	1.68E-05	8.62E-06	0.1	0	0.0006469	2.04E-07	0.027579	1.36E-10	7.00E-11	0.0019008	546.47	1.4177	3.7265	11100	0.37512	3.3031e-319	0.16332	9.39E-05	24.907	0.37532	0.00036022	1.2073	6.576e-321	0.00021658	0.007535	65.576	3.7278e-318	2.345e-319	0
24.1	1.748	301.06	0.00018399	0.00056457	0	0	0.2794	1.57E-10	1.64E-05	8.44E-06	0.1	0	0.00064242	2.01E-07	0.027608	1.34E-10	6.88E-11	0.0019007	546.46	1.4161	3.7297	11100	0.37549	3.3031e-319	0.16332	9.40E-05	24.784	0.37572	0.00035988	1.2075	6.5908e-321	0.00021108	0.0075337	65.667	3.7323e-318	2.345e-319	0
24.2	1.7408	300.42	0.00018398	0.00056459	0	0	0.27965	1.57E-10	1.60E-05	8.26E-06	0.1	0	0.00063804	1.97E-07	0.027637	1.31E-10	6.77E-11	0.0019007	546.44	1.4145	3.7328	11100	0.37586	3.3031e-319	0.16331	9.41E-05	24.664	0.37611	0.00035956	1.2076	6.6057e-321	0.00020575	0.0075327	65.756	3.7366e-318	2.345e-319	0
24.3	1.7337	299.79	0.00018396	0.0005646	0	0	0.2799	1.57E-10	1.57E-05	8.09E-06	0.1	0	0.00063376	1.94E-07	0.027666	1.29E-10	6.65E-11	0.0019006	546.43	1.4129	3.7358	11100	0.37621	3.3031e-319	0.16331	9.41E-05	24.545	0.3765	0.00035923	1.2077	6.6155e-321	0.00020056	0.007532	65.843	3.741e-318	2.345e-319	0
24.4	1.7267	299.18	0.00018395	0.00056461	0	0	0.28014	1.57E-10	1.53E-05	7.91E-06	0.1	0	0.00062957	1.91E-07	0.027693	1.27E-10	6.54E-11	0.0019006	546.42	1.4114	3.7388	11099	0.37657	3.3031e-319	0.16331	9.42E-05	24.429	0.37688	0.00035891	1.2078	6.6304e-321	0.00019553	0.0075315	65.929	3.7454e-318	2.345e-319	0
24.5	1.7198	298.57	0.00018394	0.00056463	0	0	0.28038	1.58E-10	1.50E-05	7.74E-06	0.1	0	0.00062547	1.87E-07	0.027721	1.25E-10	6.43E-11	0.0019005	546.41	1.4099	3.7418	11099	0.37691	3.3031e-319	0.16331	9.43E-05	24.316	0.37725	0.0003586	1.2079	6.6402e-321	0.00019064	0.0075312	66.014	3.7498e-318	2.345e-319	0
24.6	1.7131	297.98	0.00018393	0.00056464	0	0	0.28062	1.58E-10	1.47E-05	7.58E-06	0.1	0	0.00062146	1.84E-07	0.027748	1.22E-10	6.32E-11	0.0019005	546.4	1.4084	3.7446	11099	0.37725	3.3031e-319	0.1633	9.44E-05	24.204	0.37762	0.00035829	1.208	6.6501e-321	0.0001859	0.0075311	66.096	3.7541e-318	2.345e-319	0
24.7	1.7065	297.39	0.00018392	0.00056465	0	0	0.28085	1.58E-10	1.44E-05	7.41E-06	0.1	0	0.00061755	1.81E-07	0.027774	1.20E-10	6.21E-11	0.0019005	546.39	1.4069	3.7475	11099	0.37758	3.3031e-319	0.1633	9.45E-05	24.095	0.37797	0.00035799	1.2081	6.66e-321	0.0001813	0.007531	66.178	3.7585e-318	2.345e-319	0
24.8	1.7001	296.82	0.00018391	0.00056466	0	0	0.28107	1.58E-10	1.40E-05	7.25E-06	0.1	0	0.00061372	1.79E-07	0.0278	1.18E-10	6.10E-11	0.0019004	546.38	1.4055	3.7502	11099	0.37791	3.3031e-319	0.1633	9.46E-05	23.987	0.37833	0.00035769	1.2082	6.6699e-321	0.00017683	0.0075311	66.258	3.7628e-318	2.345e-319	0
24.9	1.6937	296.26	0.0001839	0.00056467	0	0	0.2813	1.58E-10	1.37E-05	7.09E-06	0.1	0	0.00060998	1.76E-07	0.027825	1.16E-10	5.99E-11	0.0019004	546.37	1.4041	3.7529	11099	0.37823	3.3031e-319	0.1633	9.46E-05	23.882	0.37867	0.0003574	1.2083	6.6798e-321	0.0001725	0.0075312	66.336	3.7672e-318	2.345e-319	0
25	1.6875	295.71	0.00018389	0.00056468	0	0	0.28151	1.58E-10	1.34E-05	6.94E-06	0.1	0	0.00060633	1.73E-07	0.027849	1.14E-10	5.88E-11	0.0019004	546.36	1.4027	3.7556	11099	0.37854	3.3031e-319	0.16329	9.47E-05	23.779	0.37901	0.00035711	1.2084	6.6896e-321	0.00016829	0.0075313	66.412	3.7716e-318	2.345e-319	0
25.1	1.6815	295.17	0.00018388	0.00056469	0	0	0.28172	1.58E-10	1.31E-05	6.79E-06	0.1	0	0.00060277	1.70E-07	0.027874	1.12E-10	5.78E-11	0.0019003	546.35	1.4013	3.7582	11099	0.37885	3.3031e-319	0.16329	9.48E-05	23.678	0.37934	0.00035683	1.2085	6.6995e-321	0.00016422	0.0075315	66.488	3.7759e-318	2.345e-319	0
25.2	1.6755	294.64	0.00018387	0.0005647	0	0	0.28193	1.58E-10	1.28E-05	6.64E-06	0.1	0	0.0005993	1.68E-07	0.027897	1.10E-10	5.67E-11	0.0019003	546.34	1.4	3.7607	11099	0.37914	3.3031e-319	0.16329	9.49E-05	23.58	0.37967	0.00035656	1.2086	6.7144e-321	0.00016027	0.0075317	66.561	3.7803e-318	2.345e-319	0
25.3	1.6697	294.12	0.00018386	0.0005647	0	0	0.28213	1.59E-10	1.26E-05	6.50E-06	0.1	0	0.00059591	1.65E-07	0.02792	1.08E-10	5.57E-11	0.0019003	546.33	1.3987	3.7632	11099	0.37944	3.3031e-319	0.16329	9.49E-05	23.483	0.37998	0.00035628	1.2087	6.7242e-321	0.00015644	0.0075319	66.633	3.7848e-318	2.345e-319	0
25.4	1.664	293.62	0.00018385	0.00056471	0	0	0.28233	1.59E-10	1.23E-05	6.35E-06	0.1	0	0.0005926	1.63E-07	0.027943	1.06E-10	5.47E-11	0.0019002	546.32	1.3974	3.7656	11099	0.37972	3.3031e-319	0.16328	9.50E-05	23.389	0.38029	0.00035602	1.2087	6.7341e-321	0.00015272	0.0075321	66.704	3.7902e-318	2.345e-319	0
25.5	1.6585	293.12	0.00018384	0.00056472	0	0	0.28253	1.59E-10	1.20E-05	6.21E-06	0.1	0	0.00058938	1.60E-07	0.027965	1.04E-10	5.37E-11	0.0019002	546.31	1.3962	3.768	11099	0.38	3.3031e-319	0.16328	9.51E-05	23.296	0.3806	0.00035576	1.2088	6.7489e-321	0.00014913	0.0075323	66.773	3.7945e-318	2.345e-319	0
25.6	1.653	292.64	0.00018383	0.00056472	0	0	0.28272	1.59E-10	1.17E-05	6.08E-06	0.1	0	0.00058624	1.58E-07	0.027987	1.02E-10	5.27E-11	0.0019002	546.3	1.3949	3.7703	11099	0.38027	3.3031e-319	0.16328	9.52E-05	23.206	0.3809	0.0003555	1.2089	6.7638e-321	0.00014565	0.0075324	66.841	3.7989e-318	2.345e-319	0
25.7	1.6477	292.16	0.00018382	0.00056473	0	0	0.2829	1.59E-10	1.15E-05	5.94E-06	0.1	0	0.00058319	1.56E-07	0.028008	9.98E-11	5.17E-11	0.0019001	546.29	1.3937	3.7725	11098	0.38054	3.3031e-319	0.16328	9.52E-05	23.118	0.38119	0.00035525	1.2089	6.7786e-321	0.00014228	0.0075326	66.907	3.8033e-318	2.345e-319	0
25.8	1.6425	291.7	0.00018381	0.00056473	0	0	0.28308	1.59E-10	1.12E-05	5.81E-06	0.1	0	0.00058021	1.54E-07	0.028029	9.79E-11	5.07E-11	0.0019001	546.28	1.3926	3.7748	11098	0.3808	3.3031e-319	0.16328	9.53E-05	23.032	0.38147	0.00035501	1.209	6.7885e-321	0.00013902	0.0075327	66.971	3.8077e-318	2.345e-319	0
25.9	1.6375	291.25	0.0001838	0.00056474	0	0	0.28326	1.59E-10	1.10E-05	5.68E-06	0.1	0	0.00057732	1.52E-07	0.028049	9.61E-11	4.98E-11	0.0019001	546.27	1.3914	3.7769	11098	0.38105	3.3031e-319	0.16327	9.54E-05	22.948	0.38175	0.00035477	1.2091	6.7983e-321	0.00013587	0.0075328	67.034	3.812e-318	2.345e-319	0
26	1.6325	290.81	0.00018379	0.00056474	0	0	0.28343	1.59E-10	1.07E-05	5.55E-06	0.1	0	0.00057451	1.49E-07	0.028068	9.42E-11	4.88E-11	0.0019	546.26	1.3903	3.779	11098	0.3813	3.3031e-319	0.16327	9.54E-05	22.866	0.38202	0.00035454	1.2091	6.8082e-321	0.00013282	0.0075329	67.096	3.8164e-318	2.345e-319	0
26.1	1.6277	290.38	0.00018378	0.00056475	0	0	0.2836	1.59E-10	1.05E-05	5.43E-06	0.1	0	0.00057178	1.48E-07	0.028087	9.24E-11	4.79E-11	0.0019	546.26	1.3892	3.781	11098	0.38154	3.3031e-319	0.16327	9.55E-05	22.787	0.38228	0.00035431	1.2092	6.823e-321	0.00012987	0.007533	67.156	3.8207e-318	2.345e-319	0
26.2	1.6231	289.96	0.00018377	0.00056475	0	0	0.28376	1.59E-10	1.02E-05	5.31E-06	0.1	0	0.00056912	1.46E-07	0.028106	9.06E-11	4.70E-11	0.0019	546.25	1.3882	3.783	11098	0.38177	3.3031e-319	0.16327	9.55E-05	22.709	0.38254	0.00035409	1.2092	6.8329e-321	0.00012703	0.0075331	67.214	3.8251e-318	2.345e-319	0
26.3	1.6185	289.55	0.00018376	0.00056476	0	0	0.28392	1.60E-10	1.00E-05	5.19E-06	0.1	0	0.00056655	1.44E-07	0.028124	8.88E-11	4.60E-11	0.0019	546.24	1.3871	3.785	11098	0.382	3.3031e-319	0.16327	9.56E-05	22.633	0.38279	0.00035387	1.2093	6.8428e-321	0.00012428	0.0075331	67.271	3.8295e-318	2.345e-319	0
26.4	1.6141	289.16	0.00018375	0.00056476	0	0	0.28407	1.60E-10	9.78E-06	5.07E-06	0.1	0	0.00056405	1.42E-07	0.028141	8.70E-11	4.51E-11	0.0018999	546.23	1.3861	3.7869	11098	0.38222	3.3031e-319	0.16327	9.57E-05	22.56	0.38303	0.00035366	1.2093	6.8576e-321	0.00012163	0.0075332	67.326	3.8339e-318	2.345e-319	0
26.5	1.6098	288.77	0.00018374	0.00056476	0	0	0.28422	1.60E-10	9.56E-06	4.96E-06	0.1	0	0.00056163	1.40E-07	0.028158	8.53E-11	4.43E-11	0.0018999	546.23	1.3851	3.7887	11098	0.38244	3.3031e-319	0.16326	9.57E-05	22.489	0.38326	0.00035345	1.2094	6.8626e-321	0.00011907	0.0075332	67.38	3.8382e-318	2.345e-319	0
26.6	1.6056	288.4	0.00018373	0.00056476	0	0	0.28437	1.60E-10	9.34E-06	4.85E-06	0.1	0	0.00055928	1.38E-07	0.028175	8.36E-11	4.34E-11	0.0018999	546.22	1.3842	3.7905	11098	0.38264	3.3031e-319	0.16326	9.58E-05	22.419	0.38349	0.00035325	1.2094	6.8725e-321	0.00011661	0.0075332	67.432	3.8427e-318	2.345e-319	0
26.7	1.6015	288.04	0.00018372	0.00056477	0	0	0.28451	1.60E-10	9.12E-06	4.74E-06	0.1	0	0.00055701	1.37E-07	0.028191	8.19E-11	4.25E-11	0.0018999	546.21	1.3832	3.7922	11098	0.38285	3.3031e-319	0.16326	9.58E-05	22.352	0.38371	0.00035306	1.2095	6.8823e-321	0.00011424	0.0075332	67.483	3.847e-318	2.345e-319	0
26.8	1.5976	287.68	0.00018371	0.00056477	0	0	0.28464	1.60E-10	8.91E-06	4.63E-06	0.1	0	0.00055482	1.35E-07	0.028207	8.02E-11	4.16E-11	0.0018998	546.2	1.3823	3.7939	11098	0.38304	3.3031e-319	0.16326	9.59E-05	22.287	0.38393	0.00035287	1.2095	6.8922e-321	0.00011195	0.0075332	67.532	3.8492e-318	2.345e-319	0
26.9	1.5938	287.34	0.00018371	0.00056477	0	0	0.28478	1.60E-10	8.71E-06	4.52E-06	0.1	0	0.0005527	1.34E-07	0.028222	7.86E-11	4.08E-11	0.0018998	546.2	1.3815	3.7955	11098	0.38323	3.3031e-319	0.16326	9.59E-05	22.224	0.38414	0.00035269	1.2095	6.9021e-321	0.00010976	0.0075332	67.579	3.8492e-318	2.345e-319	0
27	1.5901	287.01	0.0001837	0.00056477	0	0	0.2849	1.60E-10	8.51E-06	4.42E-06	0.1	0	0.00055066	1.32E-07	0.028236	7.69E-11	4.00E-11	0.0018998	546.19	1.3806	3.797	11098	0.38341	3.3031e-319	0.16326	9.60E-05	22.163	0.38434	0.00035251	1.2096	6.912e-321	0.00010765	0.0075332	67.626	3.8492e-318	2.345e-319	0
27.1	1.5866	286.69	0.00018369	0.00056477	0	0	0.28503	1.60E-10	8.31E-06	4.32E-06	0.1	0	0.00054869	1.31E-07	0.02825	7.53E-11	3.91E-11	0.0018998	546.19	1.3798	3.7985	11098	0.38359	3.3031e-319	0.16326	9.60E-05	22.104	0.38453	0.00035234	1.2096	6.9219e-321	0.00010562	0.0075332	67.67	3.8492e-318	2.345e-319	0
27.2	1.5831	286.38	0.00018368	0.00056477	0	0	0.28514	1.60E-10	8.12E-06	4.22E-06	0.1	0	0.00054679	1.30E-07	0.028264	7.38E-11	3.83E-11	0.0018997	546.18	1.379	3.8	11098	0.38376	3.3031e-319	0.16325	9.61E-05	22.047	0.38472	0.00035218	1.2096	6.9317e-321	0.00010368	0.0075332	67.713	3.8492e-318	2.345e-319	0
27.3	1.5798	286.09	0.00018368	0.00056477	0	0	0.28526	1.60E-10	7.93E-06	4.12E-06	0.1	0	0.00054496	1.28E-07	0.028277	7.22E-11	3.75E-11	0.0018997	546.17	1.3783	3.8014	11098	0.38392	3.3031e-319	0.16325	9.61E-05	21.993	0.3849	0.00035202	1.2097	6.9367e-321	0.00010181	0.0075332	67.755	3.8492e-318	2.345e-319	0
27.4	1.5767	285.8	0.00018367	0.00056477	0	0	0.28537	1.60E-10	7.75E-06	4.03E-06	0.1	0	0.00054321	1.27E-07	0.028289	7.07E-11	3.67E-11	0.0018997	546.17	1.3775	3.8028	11098	0.38408	3.3031e-319	0.16325	9.61E-05	21.94	0.38508	0.00035186	1.2097	6.9515e-321	0.00010003	0.0075332	67.794	3.8492e-318	2.345e-319	0
27.5	1.5736	285.53	0.00018366	0.00056478	0	0	0.28547	1.60E-10	7.56E-06	3.93E-06	0.1	0	0.00054153	1.26E-07	0.028301	6.92E-11	3.60E-11	0.0018997	546.16	1.3768	3.804	11097	0.38423	3.3031e-319	0.16325	9.62E-05	21.889	0.38524	0.00035172	1.2097	6.9614e-321	9.83E-05	0.0075332	67.833	3.8492e-318	2.345e-319	0
27.6	1.5707	285.26	0.00018366	0.00056478	0	0	0.28558	1.60E-10	7.39E-06	3.84E-06	0.1	0	0.00053992	1.25E-07	0.028313	6.77E-11	3.52E-11	0.0018997	546.16	1.3762	3.8053	11097	0.38438	3.3031e-319	0.16325	9.62E-05	21.841	0.3854	0.00035157	1.2097	6.9713e-321	9.67E-05	0.0075332	67.87	3.8492e-318	2.345e-319	0
27.7	1.5679	285.01	0.00018365	0.00056478	0	0	0.28567	1.61E-10	7.21E-06	3.75E-06	0.1	0	0.00053839	1.24E-07	0.028324	6.62E-11	3.45E-11	0.0018997	546.15	1.3755	3.8065	11097	0.38452	3.3031e-319	0.16325	9.63E-05	21.794	0.38556	0.00035144	1.2098	6.9762e-321	9.52E-05	0.0075332	67.905	3.8492e-318	2.345e-319	0
27.8	1.5652	284.77	0.00018364	0.00056478	0	0	0.28577	1.61E-10	7.04E-06	3.66E-06	0.1	0	0.00053692	1.23E-07	0.028335	6.48E-11	3.37E-11	0.0018996	546.15	1.3749	3.8076	11097	0.38465	3.3031e-319	0.16325	9.63E-05	21.749	0.3857	0.00035131	1.2098	6.9811e-321	9.37E-05	0.0075332	67.939	3.8492e-318	2.345e-319	0
27.9	1.5626	284.54	0.00018364	0.00056478	0	0	0.28585	1.61E-10	6.88E-06	3.58E-06	0.1	0	0.00053553	1.22E-07	0.028345	6.34E-11	3.30E-11	0.0018996	546.14	1.3743	3.8087	11097	0.38478	3.3031e-319	0.16325	9.63E-05	21.707	0.38584	0.00035119	1.2098	6.9861e-321	9.23E-05	0.0075332	67.971	3.8492e-318	2.345e-319	0
28	1.5602	284.32	0.00018363	0.00056478	0	0	0.28594	1.61E-10	6.72E-06	3.49E-06	0.1	0	0.0005342	1.21E-07	0.028354	6.20E-11	3.23E-11	0.0018996	546.14	1.3738	3.8098	11097	0.3849	3.3031e-319	0.16325	9.64E-05	21.667	0.38598	0.00035107	1.2098	6.991e-321	9.10E-05	0.0075332	68.002	3.8492e-318	2.345e-319	0
28.1	1.5579	284.11	0.00018363	0.00056478	0	0	0.28602	1.61E-10	6.56E-06	3.41E-06	0.1	0	0.00053294	1.20E-07	0.028363	6.06E-11	3.15E-11	0.0018996	546.14	1.3732	3.8107	11097	0.38501	3.3031e-319	0.16324	9.64E-05	21.628	0.3861	0.00035096	1.2098	6.996e-321	8.97E-05	0.0075332	68.031	3.8492e-318	2.345e-319	0
28.2	1.5557	283.91	0.00018362	0.00056478	0	0	0.28609	1.61E-10	6.40E-06	3.33E-06	0.1	0	0.00053176	1.19E-07	0.028372	5.93E-11	3.08E-11	0.0018996	546.13	1.3727	3.8117	11097	0.38512	3.3031e-319	0.16324	9.64E-05	21.592	0.38622	0.00035085	1.2099	6.996e-321	8.85E-05	0.0075333	68.058	3.8492e-318	2.345e-319	0
28.3	1.5536	283.73	0.00018362	0.00056478	0	0	0.28616	1.61E-10	6.25E-06	3.25E-06	0.1	0	0.00053064	1.18E-07	0.02838	5.79E-11	3.02E-11	0.0018996	546.13	1.3723	3.8125	11097	0.38522	3.3031e-319	0.16324	9.64E-05	21.558	0.38634	0.00035075	1.2099	7.0009e-321	8.74E-05	0.0075333	68.084	3.8492e-318	2.345e-319	0
28.4	1.5517	283.55	0.00018361	0.00056478	0	0	0.28623	1.61E-10	6.10E-06	3.17E-06	0.1	0	0.00052959	1.17E-07	0.028388	5.66E-11	2.95E-11	0.0018996	546.12	1.3718	3.8134	11097	0.38532	3.3031e-319	0.16324	9.65E-05	21.526	0.38644	0.00035066	1.2099	7.0009e-321	8.64E-05	0.0075333	68.109	3.8492e-318	2.345e-319	0
28.5	1.5499	283.39	0.00018361	0.00056478	0	0	0.28629	1.61E-10	5.95E-06	3.10E-06	0.1	0	0.00052862	1.17E-07	0.028395	5.54E-11	2.88E-11	0.0018995	546.12	1.3714	3.8141	11097	0.38541	3.3031e-319	0.16324	9.65E-05	21.496	0.38654	0.00035057	1.2099	7.0059e-321	8.54E-05	0.0075333	68.131	3.8492e-318	2.345e-319	0
28.6	1.5482	283.23	0.0001836	0.00056478	0	0	0.28635	1.61E-10	5.81E-06	3.03E-06	0.1	0	0.0005277	1.16E-07	0.028402	5.41E-11	2.82E-11	0.0018995	546.12	1.371	3.8149	11097	0.38549	3.3031e-319	0.16324	9.65E-05	21.468	0.38663	0.00035049	1.2099	7.0108e-321	8.45E-05	0.0075334	68.153	3.8492e-318	2.345e-319	0
28.7	1.5466	283.09	0.0001836	0.00056478	0	0	0.2864	1.61E-10	5.67E-06	2.95E-06	0.1	0	0.00052686	1.15E-07	0.028408	5.29E-11	2.75E-11	0.0018995	546.12	1.3706	3.8155	11097	0.38557	3.3031e-319	0.16324	9.65E-05	21.442	0.38672	0.00035041	1.2099	7.0157e-321	8.37E-05	0.0075334	68.172	3.8492e-318	2.345e-319	0
28.8	1.5452	282.96	0.0001836	0.00056478	0	0	0.28645	1.61E-10	5.54E-06	2.88E-06	0.1	0	0.00052609	1.15E-07	0.028413	5.16E-11	2.69E-11	0.0018995	546.11	1.3703	3.8161	11097	0.38564	3.3031e-319	0.16324	9.65E-05	21.418	0.3868	0.00035034	1.2099	7.0207e-321	8.29E-05	0.0075334	68.191	3.8492e-318	2.345e-319	0
28.9	1.5438	282.84	0.00018359	0.00056478	0	0	0.2865	1.61E-10	5.40E-06	2.81E-06	0.1	0	0.00052538	1.14E-07	0.028418	5.04E-11	2.63E-11	0.0018995	546.11	1.37	3.8167	11097	0.3857	3.3031e-319	0.16324	9.66E-05	21.396	0.38687	0.00035028	1.2099	7.0306e-321	8.23E-05	0.0075335	68.207	3.8492e-318	2.345e-319	0
29	1.5426	282.74	0.00018359	0.00056478	0	0	0.28654	1.61E-10	5.27E-06	2.74E-06	0.1	0	0.00052474	1.14E-07	0.028423	4.93E-11	2.56E-11	0.0018995	546.11	1.3697	3.8172	11097	0.38576	3.3031e-319	0.16324	9.66E-05	21.376	0.38693	0.00035022	1.21	7.0306e-321	8.16E-05	0.0075335	68.222	3.8492e-318	2.345e-319	0
29.1	1.5416	282.64	0.00018359	0.00056478	0	0	0.28658	1.61E-10	5.14E-06	2.68E-06	0.1	0	0.00052417	1.14E-07	0.028427	4.81E-11	2.50E-11	0.0018995	546.11	1.3695	3.8177	11097	0.38581	3.3031e-319	0.16324	9.66E-05	21.358	0.38699	0.00035017	1.21	7.0306e-321	8.11E-05	0.0075335	68.236	3.8492e-318	2.345e-319	0
29.2	1.5406	282.55	0.00018359	0.00056478	0	0	0.28661	1.61E-10	5.02E-06	2.61E-06	0.1	0	0.00052367	1.13E-07	0.028431	4.70E-11	2.45E-11	0.0018995	546.11	1.3693	3.8181	11097	0.38586	3.3031e-319	0.16324	9.66E-05	21.343	0.38704	0.00035012	1.21	7.0355e-321	8.06E-05	0.0075335	68.248	3.8492e-318	2.345e-319	0
29.3	1.5398	282.48	0.00018358	0.00056477	0	0	0.28664	1.61E-10	4.90E-06	2.55E-06	0.1	0	0.00052323	1.13E-07	0.028434	4.58E-11	2.39E-11	0.0018995	546.1	1.3691	3.8184	11097	0.3859	3.3031e-319	0.16324	9.66E-05	21.329	0.38709	0.00035008	1.21	7.0355e-321	8.01E-05	0.0075336	68.258	3.8492e-318	2.345e-319	0
29.4	1.5391	282.42	0.00018358	0.00056477	0	0	0.28666	1.61E-10	4.78E-06	2.49E-06	0.1	0	0.00052287	1.13E-07	0.028437	4.47E-11	2.33E-11	0.0018995	546.1	1.3689	3.8187	11097	0.38593	3.3031e-319	0.16324	9.66E-05	21.318	0.38712	0.00035005	1.21	7.0306e-321	7.98E-05	0.0075336	68.267	3.8492e-318	2.345e-319	0
29.5	1.5385	282.37	0.00018358	0.00056477	0	0	0.28668	1.61E-10	4.66E-06	2.43E-06	0.1	0	0.00052256	1.12E-07	0.028439	4.37E-11	2.27E-11	0.0018995	546.1	1.3688	3.819	11097	0.38596	3.3031e-319	0.16324	9.66E-05	21.308	0.38716	0.00035002	1.21	7.0306e-321	7.95E-05	0.0075336	68.274	3.8492e-318	2.345e-319	0
29.6	1.5381	282.33	0.00018358	0.00056477	0	0	0.2867	1.61E-10	4.55E-06	2.37E-06	0.1	0	0.00052233	1.12E-07	0.028441	4.26E-11	2.22E-11	0.0018995	546.1	1.3687	3.8191	11097	0.38598	3.3031e-319	0.16324	9.66E-05	21.301	0.38718	0.00035	1.21	7.0355e-321	7.93E-05	0.0075336	68.279	3.8492e-318	2.345e-319	0
29.7	1.5378	282.3	0.00018358	0.00056477	0	0	0.28671	1.61E-10	4.44E-06	2.31E-06	0.1	0	0.00052216	1.12E-07	0.028442	4.17E-11	2.17E-11	0.0018995	546.1	1.3686	3.8193	11097	0.386	3.3031e-319	0.16324	9.66E-05	21.296	0.3872	0.00034998	1.21	7.0355e-321	7.91E-05	0.0075337	68.283	3.8492e-318	2.345e-319	0
29.8	1.5376	282.28	0.00018358	0.00056477	0	0	0.28671	1.61E-10	4.34E-06	2.26E-06	0.1	0	0.00052206	1.12E-07	0.028443	4.09E-11	2.13E-11	0.0018995	546.1	1.3686	3.8194	11097	0.38601	3.3031e-319	0.16324	9.66E-05	21.293	0.38721	0.00034997	1.21	7.0355e-321	7.90E-05	0.0075337	68.286	3.8492e-318	2.345e-319	0
29.9	1.5375	282.27	0.00018358	0.00056477	0	0	0.28671	1.61E-10	4.28E-06	2.23E-06	0.1	0	0.00052203	1.12E-07	0.028443	4.06E-11	2.11E-11	0.0018995	546.1	1.3686	3.8194	11097	0.38601	3.3037e-319	0.16324	9.66E-05	21.292	0.38721	0.00034997	1.21	7.0306e-321	7.90E-05	0.0075337	68.286	3.8493e-318	2.3431e-319	0
30	1.5375	282.27	0.00018358	0.00056477	0	0	0.28671	1.61E-10	4.28E-06	2.23E-06	0.1	0	0.00052203	1.12E-07	0.028443	4.06E-11	2.11E-11	0.0018995	546.1	1.3686	3.8194	11097	0.38601	3.3037e-319	0.16324	9.66E-05	21.292	0.38721	0.00034997	1.21	7.0306e-321	7.90E-05	0.0075337	68.286	3.8493e-318	2.3431e-319	0